<?xml version="1.0" encoding="utf-8"?>
<COLLADA xmlns="http://www.collada.org/2005/11/COLLADASchema" version="1.4.1">
  <asset>
    <contributor>
      <author>Mixamo</author>
      <authoring_tool>COLLADA Mixamo exporter</authoring_tool>
      <comments/>
    </contributor>
    <created>2024-04-15T00:04:54Z</created>
    <modified>2024-04-15T00:04:54Z</modified>
    <revision/>
    <title/>
    <unit meter="0.010000"/>
    <up_axis>Y_UP</up_axis>
  </asset>
  <library_animations>
    <animation id="mixamorig_Hips-anim" name="mixamorig_Hips">
      <source id="mixamorig_Hips-Matrix-animation-input">
        <float_array id="mixamorig_Hips-Matrix-animation-input-array" count="57">

0.000000 0.033333 0.066667 0.100000 0.133333 0.166667 0.200000 0.233333 0.266667 0.300000 0.333333 0.366667 0.400000 0.433333 0.466667 0.500000
0.533333 0.566667 0.600000 0.633333 0.666667 0.700000 0.733333 0.766667 0.800000 0.833333 0.866667 0.900000 0.933333 0.966667 1.000000 1.033333
1.066667 1.100000 1.133333 1.166667 1.200000 1.233333 1.266667 1.300000 1.333333 1.366667 1.400000 1.433333 1.466667 1.500000 1.533333 1.566667
1.600000 1.633333 1.666667 1.700000 1.733333 1.766667 1.800000 1.833333 1.866667</float_array>
        <technique_common>
          <accessor source="#mixamorig_Hips-Matrix-animation-input-array" count="57">
            <param name="TIME" type="float"/>
          </accessor>
        </technique_common>
      </source>
      <source id="mixamorig_Hips-Matrix-animation-output-transform">
        <float_array id="mixamorig_Hips-Matrix-animation-output-transform-array" count="912">

0.978204 0.008239 -0.207482 0.043349 -0.017019 0.999032 -0.040571 100.087540 0.206947 0.043218 0.977397 0.316140 0.000000 0.000000 0.000000 1.000000
0.978836 0.008231 -0.204479 -0.001019 -0.016581 0.999095 -0.039159 100.135880 0.203971 0.041720 0.978087 0.365556 0.000000 0.000000 0.000000 1.000000
0.979460 0.008213 -0.201473 -0.045387 -0.016142 0.999157 -0.037743 100.184227 0.200994 0.040220 0.978767 0.414971 0.000000 0.000000 0.000000 1.000000
0.980079 0.008201 -0.198440 -0.093056 -0.015719 0.999216 -0.036338 100.234909 0.197987 0.038733 0.979439 0.465497 0.000000 0.000000 0.000000 1.000000
0.980716 0.008257 -0.195266 -0.158331 -0.015381 0.999269 -0.034994 100.298119 0.194834 0.037322 0.980126 0.521941 0.000000 0.000000 0.000000 1.000000
0.981272 0.008461 -0.192443 -0.236940 -0.015179 0.999325 -0.033460 100.365410 0.192030 0.035754 0.980738 0.582397 0.000000 0.000000 0.000000 1.000000
0.981788 0.008695 -0.189780 -0.315488 -0.015017 0.999378 -0.031903 100.433167 0.189384 0.034172 0.981308 0.643954 0.000000 0.000000 0.000000 1.000000
0.982006 0.009063 -0.188632 -0.353070 -0.015095 0.999419 -0.030567 100.496239 0.188245 0.032864 0.981572 0.711104 0.000000 0.000000 0.000000 1.000000
0.981971 0.009542 -0.188789 -0.353739 -0.015371 0.999449 -0.029432 100.555077 0.188404 0.031803 0.981576 0.783317 0.000000 0.000000 0.000000 1.000000
0.981902 0.010037 -0.189124 -0.349326 -0.015670 0.999476 -0.028314 100.613564 0.188741 0.030765 0.981545 0.856846 0.000000 0.000000 0.000000 1.000000
0.981803 0.010545 -0.189611 -0.340594 -0.015990 0.999502 -0.027212 100.671715 0.189229 0.029748 0.981482 0.931352 0.000000 0.000000 0.000000 1.000000
0.981678 0.011066 -0.190226 -0.328306 -0.016329 0.999525 -0.026126 100.729523 0.189846 0.028753 0.981393 1.006499 0.000000 0.000000 0.000000 1.000000
0.981532 0.011599 -0.190944 -0.313225 -0.016686 0.999547 -0.025055 100.786980 0.190567 0.027779 0.981281 1.081950 0.000000 0.000000 0.000000 1.000000
0.981370 0.012143 -0.191742 -0.296115 -0.017057 0.999566 -0.024001 100.844078 0.191368 0.026824 0.981152 1.157367 0.000000 0.000000 0.000000 1.000000
0.981196 0.012696 -0.192595 -0.277739 -0.017441 0.999584 -0.022962 100.900826 0.192223 0.025889 0.981010 1.232413 0.000000 0.000000 0.000000 1.000000
0.981015 0.013258 -0.193478 -0.258859 -0.017836 0.999600 -0.021938 100.957207 0.193110 0.024972 0.980859 1.306751 0.000000 0.000000 0.000000 1.000000
0.980831 0.013827 -0.194368 -0.240238 -0.018239 0.999615 -0.020929 101.013229 0.194004 0.024073 0.980705 1.380044 0.000000 0.000000 0.000000 1.000000
0.980650 0.014401 -0.195241 -0.222640 -0.018649 0.999627 -0.019936 101.068878 0.194881 0.023191 0.980553 1.451955 0.000000 0.000000 0.000000 1.000000
0.980475 0.014980 -0.196071 -0.206829 -0.019064 0.999639 -0.018958 101.124168 0.195716 0.022325 0.980406 1.522146 0.000000 0.000000 0.000000 1.000000
0.980186 0.015715 -0.197453 -0.185561 -0.019722 0.999637 -0.018342 101.172020 0.197093 0.021873 0.980141 1.573942 0.000000 0.000000 0.000000 1.000000
0.979839 0.016524 -0.199103 -0.162430 -0.020510 0.999628 -0.017975 101.212547 0.198732 0.021696 0.979814 1.610951 0.000000 0.000000 0.000000 1.000000
0.979629 0.017161 -0.200082 -0.151648 -0.021094 0.999624 -0.017542 101.245544 0.199705 0.021405 0.979622 1.641084 0.000000 0.000000 0.000000 1.000000
0.979525 0.017690 -0.200544 -0.147789 -0.021538 0.999623 -0.017019 101.267418 0.200167 0.020990 0.979537 1.659975 0.000000 0.000000 0.000000 1.000000
0.979562 0.018104 -0.200326 -0.149128 -0.021828 0.999627 -0.016395 101.277069 0.199955 0.020433 0.979592 1.659357 0.000000 0.000000 0.000000 1.000000
0.979640 0.018470 -0.199909 -0.151991 -0.022075 0.999631 -0.015816 101.281464 0.199543 0.019907 0.979687 1.649696 0.000000 0.000000 0.000000 1.000000
0.979786 0.018720 -0.199172 -0.157273 -0.022262 0.999631 -0.015558 101.271782 0.198807 0.019677 0.979841 1.614331 0.000000 0.000000 0.000000 1.000000
0.979926 0.018842 -0.198468 -0.157335 -0.022448 0.999621 -0.015937 101.232079 0.198093 0.020073 0.979978 1.543723 0.000000 0.000000 0.000000 1.000000
0.980063 0.018932 -0.197784 -0.156151 -0.022629 0.999609 -0.016448 101.186310 0.197395 0.020596 0.980108 1.466216 0.000000 0.000000 0.000000 1.000000
0.980162 0.018889 -0.197294 -0.150698 -0.022714 0.999595 -0.017143 101.133453 0.196890 0.021284 0.980195 1.384054 0.000000 0.000000 0.000000 1.000000
0.980190 0.018486 -0.197197 -0.135650 -0.022528 0.999579 -0.018274 101.064034 0.196776 0.022354 0.980194 1.290065 0.000000 0.000000 0.000000 1.000000
0.980137 0.018005 -0.197501 -0.114299 -0.022307 0.999559 -0.019579 100.988174 0.197061 0.023595 0.980107 1.195625 0.000000 0.000000 0.000000 1.000000
0.979997 0.017812 -0.198216 -0.090858 -0.022345 0.999537 -0.020658 100.920891 0.197756 0.024674 0.979941 1.117529 0.000000 0.000000 0.000000 1.000000
0.979806 0.017694 -0.199165 -0.065901 -0.022471 0.999511 -0.021755 100.855087 0.198682 0.025791 0.979724 1.045484 0.000000 0.000000 0.000000 1.000000
0.979576 0.017565 -0.200308 -0.041604 -0.022654 0.999475 -0.023143 100.788284 0.199796 0.027208 0.979460 0.978008 0.000000 0.000000 0.000000 1.000000
0.979404 0.017164 -0.201178 -0.015843 -0.022614 0.999436 -0.024820 100.718498 0.200639 0.028858 0.979240 0.903004 0.000000 0.000000 0.000000 1.000000
0.979268 0.016739 -0.201877 0.012311 -0.022548 0.999394 -0.026506 100.656998 0.201311 0.030509 0.979052 0.815734 0.000000 0.000000 0.000000 1.000000
0.979162 0.016347 -0.202421 0.036188 -0.022497 0.999352 -0.028115 100.601349 0.201830 0.032083 0.978895 0.728004 0.000000 0.000000 0.000000 1.000000
0.979137 0.016168 -0.202559 0.051296 -0.022636 0.999304 -0.029656 100.548065 0.201939 0.033622 0.978821 0.646776 0.000000 0.000000 0.000000 1.000000
0.979140 0.016007 -0.202558 0.059028 -0.022744 0.999261 -0.030971 100.497894 0.201912 0.034932 0.978780 0.578186 0.000000 0.000000 0.000000 1.000000
0.979160 0.015821 -0.202471 0.058308 -0.022756 0.999230 -0.031971 100.451523 0.201809 0.035912 0.978766 0.526128 0.000000 0.000000 0.000000 1.000000
0.979190 0.015657 -0.202340 0.055267 -0.022777 0.999199 -0.032909 100.405869 0.201663 0.036832 0.978762 0.477222 0.000000 0.000000 0.000000 1.000000
0.979223 0.015490 -0.202195 0.051048 -0.022785 0.999169 -0.033802 100.360771 0.201503 0.037707 0.978762 0.430649 0.000000 0.000000 0.000000 1.000000
0.979252 0.015292 -0.202067 0.046795 -0.022757 0.999140 -0.034672 100.316048 0.201363 0.038551 0.978758 0.385591 0.000000 0.000000 0.000000 1.000000
0.979273 0.015037 -0.201987 0.043651 -0.022672 0.999111 -0.035535 100.271530 0.201273 0.039378 0.978743 0.341231 0.000000 0.000000 0.000000 1.000000
0.979278 0.014700 -0.201985 0.042758 -0.022507 0.999083 -0.036412 100.227066 0.201265 0.040203 0.978711 0.296749 0.000000 0.000000 0.000000 1.000000
0.979228 0.013899 -0.202285 0.050422 -0.021867 0.999068 -0.037206 100.181755 0.201579 0.040856 0.978620 0.255560 0.000000 0.000000 0.000000 1.000000
0.979107 0.012895 -0.202939 0.063939 -0.021052 0.999053 -0.038088 100.141876 0.202255 0.041565 0.978450 0.219670 0.000000 0.000000 0.000000 1.000000
0.978938 0.012113 -0.203799 0.077893 -0.020531 0.999019 -0.039246 100.110054 0.203124 0.042604 0.978226 0.185097 0.000000 0.000000 0.000000 1.000000
0.978741 0.011375 -0.204782 0.092614 -0.020085 0.998977 -0.040506 100.082207 0.204112 0.043758 0.977969 0.152447 0.000000 0.000000 0.000000 1.000000
0.978544 0.010707 -0.205761 0.104352 -0.019707 0.998934 -0.041743 100.058899 0.205095 0.044902 0.977712 0.125676 0.000000 0.000000 0.000000 1.000000
0.978326 0.010169 -0.206822 0.110462 -0.019508 0.998878 -0.043165 100.042801 0.206151 0.046264 0.977426 0.105857 0.000000 0.000000 0.000000 1.000000
0.978162 0.009778 -0.207614 0.108915 -0.019324 0.998845 -0.044000 100.037598 0.206944 0.047051 0.977221 0.107111 0.000000 0.000000 0.000000 1.000000
0.978098 0.009470 -0.207931 0.101355 -0.018992 0.998858 -0.043849 100.040176 0.207279 0.046837 0.977160 0.130908 0.000000 0.000000 0.000000 1.000000
0.978058 0.009192 -0.208130 0.091869 -0.018633 0.998882 -0.043447 100.045349 0.207498 0.046372 0.977136 0.161182 0.000000 0.000000 0.000000 1.000000
0.978032 0.008932 -0.208262 0.081282 -0.018258 0.998912 -0.042902 100.052002 0.207652 0.045762 0.977132 0.195158 0.000000 0.000000 0.000000 1.000000
0.978010 0.008677 -0.208376 0.070419 -0.017880 0.998944 -0.042321 100.059021 0.207789 0.045116 0.977133 0.230058 0.000000 0.000000 0.000000 1.000000
0.977981 0.008413 -0.208525 0.060107 -0.017509 0.998972 -0.041812 100.065308 0.207959 0.044542 0.977123 0.263109 0.000000 0.000000 0.000000 1.000000</float_array>
        <technique_common>
          <accessor source="#mixamorig_Hips-Matrix-animation-output-transform-array" count="57" stride="16">
            <param type="float4x4"/>
          </accessor>
        </technique_common>
      </source>
      <source id="mixamorig_Hips-Interpolations">
        <Name_array id="mixamorig_Hips-Interpolations-array" count="57">
 LINEAR LINEAR LINEAR LINEAR LINEAR LINEAR LINEAR LINEAR LINEAR LINEAR LINEAR
LINEAR LINEAR LINEAR LINEAR LINEAR LINEAR LINEAR LINEAR LINEAR LINEAR LINEAR LINEAR
LINEAR LINEAR LINEAR LINEAR LINEAR LINEAR LINEAR LINEAR LINEAR LINEAR LINEAR LINEAR
LINEAR LINEAR LINEAR LINEAR LINEAR LINEAR LINEAR LINEAR LINEAR LINEAR LINEAR LINEAR
LINEAR LINEAR LINEAR LINEAR LINEAR LINEAR LINEAR LINEAR LINEAR LINEAR</Name_array>
        <technique_common>
          <accessor source="#mixamorig_Hips-Interpolations-array" count="57">
            <param type="name"/>
          </accessor>
        </technique_common>
      </source>
      <sampler id="mixamorig_Hips-Matrix-animation-transform">
        <input semantic="INPUT" source="#mixamorig_Hips-Matrix-animation-input"/>
        <input semantic="OUTPUT" source="#mixamorig_Hips-Matrix-animation-output-transform"/>
        <input semantic="INTERPOLATION" source="#mixamorig_Hips-Interpolations"/>
      </sampler>
      <channel source="#mixamorig_Hips-Matrix-animation-transform" target="mixamorig_Hips/matrix"/>
    </animation>
    <animation id="mixamorig_Spine-anim" name="mixamorig_Spine">
      <source id="mixamorig_Spine-Matrix-animation-input">
        <float_array id="mixamorig_Spine-Matrix-animation-input-array" count="57">

0.000000 0.033333 0.066667 0.100000 0.133333 0.166667 0.200000 0.233333 0.266667 0.300000 0.333333 0.366667 0.400000 0.433333 0.466667 0.500000
0.533333 0.566667 0.600000 0.633333 0.666667 0.700000 0.733333 0.766667 0.800000 0.833333 0.866667 0.900000 0.933333 0.966667 1.000000 1.033333
1.066667 1.100000 1.133333 1.166667 1.200000 1.233333 1.266667 1.300000 1.333333 1.366667 1.400000 1.433333 1.466667 1.500000 1.533333 1.566667
1.600000 1.633333 1.666667 1.700000 1.733333 1.766667 1.800000 1.833333 1.866667</float_array>
        <technique_common>
          <accessor source="#mixamorig_Spine-Matrix-animation-input-array" count="57">
            <param name="TIME" type="float"/>
          </accessor>
        </technique_common>
      </source>
      <source id="mixamorig_Spine-Matrix-animation-output-transform">
        <float_array id="mixamorig_Spine-Matrix-animation-output-transform-array" count="912">

0.999373 -0.005712 0.034934 0.000000 0.012624 0.979514 -0.200980 11.947200 -0.033070 0.201295 0.978972 0.453200 0.000000 0.000000 0.000000 1.000000
0.999369 -0.005742 0.035042 0.000000 0.012627 0.979801 -0.199577 11.947200 -0.033188 0.199894 0.979255 0.453200 0.000000 0.000000 0.000000 1.000000
0.999365 -0.005771 0.035151 0.000000 0.012630 0.980085 -0.198175 11.947200 -0.033307 0.198493 0.979536 0.453200 0.000000 0.000000 0.000000 1.000000
0.999361 -0.005793 0.035284 0.000000 0.012626 0.980397 -0.196627 11.947200 -0.033453 0.196947 0.979843 0.453200 0.000000 0.000000 0.000000 1.000000
0.999351 -0.005773 0.035549 0.000000 0.012579 0.980860 -0.194310 11.947200 -0.033747 0.194631 0.980296 0.453200 0.000000 0.000000 0.000000 1.000000
0.999343 -0.005936 0.035764 0.000000 0.012698 0.981322 -0.191952 11.947200 -0.033957 0.192280 0.980752 0.453200 0.000000 0.000000 0.000000 1.000000
0.999334 -0.006132 0.035964 0.000000 0.012847 0.981781 -0.189580 11.947200 -0.034147 0.189916 0.981206 0.453200 0.000000 0.000000 0.000000 1.000000
0.999328 -0.006305 0.036094 0.000000 0.012955 0.982251 -0.187123 11.947200 -0.034274 0.187465 0.981673 0.453200 0.000000 0.000000 0.000000 1.000000
0.999325 -0.006446 0.036166 -0.000000 0.013020 0.982730 -0.184588 11.947200 -0.034352 0.184935 0.982150 0.453200 0.000000 0.000000 0.000000 1.000000
0.999322 -0.006588 0.036230 -0.000000 0.013081 0.983205 -0.182035 11.947200 -0.034422 0.182386 0.982624 0.453200 0.000000 0.000000 0.000000 1.000000
0.999319 -0.006728 0.036285 0.000000 0.013139 0.983676 -0.179467 11.947200 -0.034485 0.179821 0.983095 0.453200 0.000000 0.000000 0.000000 1.000000
0.999316 -0.006867 0.036334 0.000000 0.013194 0.984142 -0.176888 11.947200 -0.034543 0.177247 0.983560 0.453200 0.000000 0.000000 0.000000 1.000000
0.999314 -0.007004 0.036378 0.000000 0.013246 0.984603 -0.174304 11.947200 -0.034597 0.174666 0.984020 0.453200 0.000000 0.000000 0.000000 1.000000
0.999311 -0.007140 0.036417 -0.000000 0.013296 0.985056 -0.171718 11.947200 -0.034647 0.172084 0.984473 0.453200 0.000000 0.000000 0.000000 1.000000
0.999309 -0.007273 0.036455 0.000000 0.013342 0.985503 -0.169134 11.947200 -0.034696 0.169504 0.984919 0.453200 0.000000 0.000000 0.000000 1.000000
0.999307 -0.007403 0.036490 0.000000 0.013386 0.985941 -0.166558 11.947200 -0.034744 0.166931 0.985356 0.453200 0.000000 0.000000 0.000000 1.000000
0.999304 -0.007530 0.036526 -0.000000 0.013426 0.986370 -0.163994 11.947200 -0.034793 0.164370 0.985785 0.453200 0.000000 0.000000 0.000000 1.000000
0.999302 -0.007653 0.036562 -0.000000 0.013464 0.986790 -0.161445 11.947200 -0.034844 0.161825 0.986204 0.453200 0.000000 0.000000 0.000000 1.000000
0.999300 -0.007773 0.036601 0.000000 0.013499 0.987200 -0.158917 11.947200 -0.034897 0.159300 0.986613 0.453200 0.000000 0.000000 0.000000 1.000000
0.999298 -0.007818 0.036629 -0.000000 0.013466 0.987572 -0.156590 11.947200 -0.034950 0.156973 0.986984 0.453200 0.000000 0.000000 0.000000 1.000000
0.999298 -0.007815 0.036646 0.000000 0.013391 0.987906 -0.154476 11.947200 -0.034996 0.154859 0.987317 0.453200 0.000000 0.000000 0.000000 1.000000
0.999297 -0.007835 0.036657 0.000000 0.013348 0.988190 -0.152653 11.947200 -0.035028 0.153035 0.987600 0.453200 0.000000 0.000000 0.000000 1.000000
0.999300 -0.007867 0.036563 0.000000 0.013318 0.988393 -0.151333 11.947200 -0.034948 0.151714 0.987806 0.453200 0.000000 0.000000 0.000000 1.000000
0.999310 -0.007915 0.036284 -0.000000 0.013302 0.988486 -0.150728 11.947200 -0.034673 0.151107 0.987909 0.453200 0.000000 0.000000 0.000000 1.000000
0.999321 -0.007964 0.035978 0.000000 0.013292 0.988538 -0.150386 11.947200 -0.034368 0.150762 0.987972 0.453200 0.000000 0.000000 0.000000 1.000000
0.999330 -0.007998 0.035729 0.000000 0.013297 0.988499 -0.150639 11.947200 -0.034114 0.151013 0.987943 0.453200 0.000000 0.000000 0.000000 1.000000
0.999333 -0.008006 0.035632 -0.000000 0.013326 0.988341 -0.151670 11.947200 -0.034003 0.152044 0.987789 0.453200 0.000000 0.000000 0.000000 1.000000
0.999335 -0.008007 0.035565 0.000000 0.013358 0.988156 -0.152868 11.947200 -0.033919 0.153241 0.987607 0.453200 0.000000 0.000000 0.000000 1.000000
0.999338 -0.007957 0.035500 0.000000 0.013351 0.987917 -0.154411 11.947200 -0.033843 0.154783 0.987369 0.453200 0.000000 0.000000 0.000000 1.000000
0.999342 -0.007766 0.035434 0.000000 0.013228 0.987569 -0.156631 11.947200 -0.033777 0.156996 0.987021 0.453200 0.000000 0.000000 0.000000 1.000000
0.999346 -0.007540 0.035373 -0.000000 0.013094 0.987109 -0.159516 11.947200 -0.033714 0.159874 0.986561 0.453200 0.000000 0.000000 0.000000 1.000000
0.999348 -0.007417 0.035321 0.000000 0.013085 0.986533 -0.163040 11.947200 -0.033637 0.163396 0.985987 0.453200 0.000000 0.000000 0.000000 1.000000
0.999351 -0.007314 0.035269 -0.000000 0.013104 0.985898 -0.166834 11.947200 -0.033552 0.167188 0.985354 0.453200 0.000000 0.000000 0.000000 1.000000
0.999355 -0.007180 0.035195 -0.000000 0.013082 0.985279 -0.170454 11.947200 -0.033453 0.170805 0.984737 0.453200 0.000000 0.000000 0.000000 1.000000
0.999370 -0.006879 0.034827 0.000000 0.012834 0.984699 -0.173790 11.947200 -0.033099 0.174127 0.984167 0.453200 0.000000 0.000000 0.000000 1.000000
0.999388 -0.006512 0.034371 0.000000 0.012501 0.984124 -0.177040 11.947200 -0.032672 0.177361 0.983603 0.453200 0.000000 0.000000 0.000000 1.000000
0.999406 -0.006161 0.033909 0.000000 0.012172 0.983582 -0.180052 11.947200 -0.032243 0.180358 0.983072 0.453200 0.000000 0.000000 0.000000 1.000000
0.999421 -0.006106 0.033478 0.000000 0.012124 0.983105 -0.182642 11.947200 -0.031797 0.182942 0.982609 0.453200 0.000000 0.000000 0.000000 1.000000
0.999429 -0.006113 0.033246 0.000000 0.012159 0.982694 -0.184839 11.947200 -0.031541 0.185138 0.982206 0.453200 0.000000 0.000000 0.000000 1.000000
0.999426 -0.006103 0.033316 0.000000 0.012219 0.982360 -0.186598 11.947200 -0.031589 0.186898 0.981871 0.453200 0.000000 0.000000 0.000000 1.000000
0.999422 -0.006094 0.033457 0.000000 0.012290 0.982042 -0.188264 11.947200 -0.031709 0.188566 0.981548 0.453200 0.000000 0.000000 0.000000 1.000000
0.999416 -0.006084 0.033638 0.000000 0.012367 0.981732 -0.189865 11.947200 -0.031868 0.190170 0.981234 0.453200 0.000000 0.000000 0.000000 1.000000
0.999409 -0.006077 0.033826 0.000000 0.012447 0.981427 -0.191429 11.947200 -0.032035 0.191737 0.980923 0.453200 0.000000 0.000000 0.000000 1.000000
0.999404 -0.006072 0.033990 0.000000 0.012525 0.981121 -0.192987 11.947200 -0.032176 0.193297 0.980612 0.453200 0.000000 0.000000 0.000000 1.000000
0.999400 -0.006072 0.034097 0.000000 0.012597 0.980809 -0.194565 11.947200 -0.032261 0.194878 0.980297 0.453200 0.000000 0.000000 0.000000 1.000000
0.999404 -0.006103 0.033963 -0.000000 0.012655 0.980484 -0.196189 11.947200 -0.032103 0.196502 0.979978 0.453200 0.000000 0.000000 0.000000 1.000000
0.999410 -0.006137 0.033793 0.000000 0.012701 0.980194 -0.197634 11.947200 -0.031910 0.197946 0.979693 0.453200 0.000000 0.000000 0.000000 1.000000
0.999409 -0.006134 0.033835 0.000000 0.012745 0.979956 -0.198805 11.947200 -0.031938 0.199119 0.979455 0.453200 0.000000 0.000000 0.000000 1.000000
0.999405 -0.006119 0.033944 0.000000 0.012787 0.979744 -0.199845 11.947200 -0.032033 0.200160 0.979239 0.453200 0.000000 0.000000 0.000000 1.000000
0.999401 -0.006102 0.034073 0.000000 0.012826 0.979557 -0.200760 11.947200 -0.032152 0.201077 0.979048 0.453200 0.000000 0.000000 0.000000 1.000000
0.999395 -0.006084 0.034245 0.000000 0.012867 0.979400 -0.201519 11.947200 -0.032314 0.201838 0.978886 0.453200 0.000000 0.000000 0.000000 1.000000
0.999389 -0.006061 0.034417 -0.000000 0.012892 0.979319 -0.201912 11.947200 -0.032481 0.202232 0.978799 0.453200 0.000000 0.000000 0.000000 1.000000
0.999385 -0.006036 0.034534 0.000000 0.012894 0.979307 -0.201968 11.947200 -0.032600 0.202289 0.978783 0.453200 0.000000 0.000000 0.000000 1.000000
0.999382 -0.006011 0.034641 0.000000 0.012889 0.979317 -0.201922 11.947200 -0.032711 0.202244 0.978789 0.453200 0.000000 0.000000 0.000000 1.000000
0.999378 -0.005985 0.034741 0.000000 0.012881 0.979338 -0.201818 11.947200 -0.032816 0.202140 0.978807 0.453200 0.000000 0.000000 0.000000 1.000000
0.999375 -0.005959 0.034841 -0.000000 0.012872 0.979363 -0.201700 11.947200 -0.032920 0.202022 0.978827 0.453200 0.000000 0.000000 0.000000 1.000000
0.999372 -0.005934 0.034943 0.000000 0.012865 0.979381 -0.201611 11.947200 -0.033026 0.201934 0.978842 0.453200 0.000000 0.000000 0.000000 1.000000</float_array>
        <technique_common>
          <accessor source="#mixamorig_Spine-Matrix-animation-output-transform-array" count="57" stride="16">
            <param type="float4x4"/>
          </accessor>
        </technique_common>
      </source>
      <source id="mixamorig_Spine-Interpolations">
        <Name_array id="mixamorig_Spine-Interpolations-array" count="57">
 LINEAR LINEAR LINEAR LINEAR LINEAR LINEAR LINEAR LINEAR LINEAR LINEAR LINEAR
LINEAR LINEAR LINEAR LINEAR LINEAR LINEAR LINEAR LINEAR LINEAR LINEAR LINEAR LINEAR
LINEAR LINEAR LINEAR LINEAR LINEAR LINEAR LINEAR LINEAR LINEAR LINEAR LINEAR LINEAR
LINEAR LINEAR LINEAR LINEAR LINEAR LINEAR LINEAR LINEAR LINEAR LINEAR LINEAR LINEAR
LINEAR LINEAR LINEAR LINEAR LINEAR LINEAR LINEAR LINEAR LINEAR LINEAR</Name_array>
        <technique_common>
          <accessor source="#mixamorig_Spine-Interpolations-array" count="57">
            <param type="name"/>
          </accessor>
        </technique_common>
      </source>
      <sampler id="mixamorig_Spine-Matrix-animation-transform">
        <input semantic="INPUT" source="#mixamorig_Spine-Matrix-animation-input"/>
        <input semantic="OUTPUT" source="#mixamorig_Spine-Matrix-animation-output-transform"/>
        <input semantic="INTERPOLATION" source="#mixamorig_Spine-Interpolations"/>
      </sampler>
      <channel source="#mixamorig_Spine-Matrix-animation-transform" target="mixamorig_Spine/matrix"/>
    </animation>
    <animation id="mixamorig_Spine1-anim" name="mixamorig_Spine1">
      <source id="mixamorig_Spine1-Matrix-animation-input">
        <float_array id="mixamorig_Spine1-Matrix-animation-input-array" count="57">

0.000000 0.033333 0.066667 0.100000 0.133333 0.166667 0.200000 0.233333 0.266667 0.300000 0.333333 0.366667 0.400000 0.433333 0.466667 0.500000
0.533333 0.566667 0.600000 0.633333 0.666667 0.700000 0.733333 0.766667 0.800000 0.833333 0.866667 0.900000 0.933333 0.966667 1.000000 1.033333
1.066667 1.100000 1.133333 1.166667 1.200000 1.233333 1.266667 1.300000 1.333333 1.366667 1.400000 1.433333 1.466667 1.500000 1.533333 1.566667
1.600000 1.633333 1.666667 1.700000 1.733333 1.766667 1.800000 1.833333 1.866667</float_array>
        <technique_common>
          <accessor source="#mixamorig_Spine1-Matrix-animation-input-array" count="57">
            <param name="TIME" type="float"/>
          </accessor>
        </technique_common>
      </source>
      <source id="mixamorig_Spine1-Matrix-animation-output-transform">
        <float_array id="mixamorig_Spine1-Matrix-animation-output-transform-array" count="912">

0.997400 -0.013295 0.070832 0.000000 0.016865 0.998605 -0.050044 13.948400 -0.070067 0.051108 0.996232 -0.000000 0.000000 0.000000 0.000000 1.000000
0.997366 -0.013472 0.071265 0.000000 0.016974 0.998666 -0.048772 13.948400 -0.070513 0.049853 0.996264 0.000000 0.000000 0.000000 0.000000 1.000000
0.997333 -0.013650 0.071699 0.000000 0.017084 0.998725 -0.047499 13.948400 -0.070959 0.048598 0.996295 -0.000000 0.000000 0.000000 0.000000 1.000000
0.997297 -0.013855 0.072158 -0.000000 0.017211 0.998789 -0.046099 13.948400 -0.071432 0.047216 0.996327 -0.000000 0.000000 0.000000 0.000000 1.000000
0.997249 -0.014195 0.072756 -0.000000 0.017430 0.998879 -0.044017 13.948400 -0.072049 0.045164 0.996378 -0.000000 0.000000 0.000000 0.000000 1.000000
0.997227 -0.014584 0.072981 -0.000000 0.017655 0.998977 -0.041621 13.948400 -0.072299 0.042794 0.996465 0.000000 0.000000 0.000000 0.000000 1.000000
0.997210 -0.014975 0.073132 0.000000 0.017876 0.999072 -0.039184 13.948400 -0.072477 0.040382 0.996552 0.000000 0.000000 0.000000 0.000000 1.000000
0.997198 -0.015247 0.073238 0.000000 0.017997 0.999152 -0.037040 13.948400 -0.072611 0.038254 0.996626 0.000000 0.000000 0.000000 0.000000 1.000000
0.997189 -0.015411 0.073328 0.000000 0.018029 0.999219 -0.035164 13.948400 -0.072729 0.036388 0.996688 0.000000 0.000000 0.000000 0.000000 1.000000
0.997180 -0.015563 0.073414 0.000000 0.018048 0.999282 -0.033313 13.948400 -0.072843 0.034544 0.996745 0.000000 0.000000 0.000000 0.000000 1.000000
0.997172 -0.015702 0.073496 0.000000 0.018057 0.999341 -0.031483 13.948400 -0.072953 0.032721 0.996798 0.000000 0.000000 0.000000 0.000000 1.000000
0.997164 -0.015832 0.073574 0.000000 0.018057 0.999396 -0.029676 13.948400 -0.073060 0.030920 0.996848 0.000000 0.000000 0.000000 0.000000 1.000000
0.997157 -0.015953 0.073649 -0.000000 0.018050 0.999448 -0.027890 13.948400 -0.073163 0.029140 0.996894 0.000000 0.000000 0.000000 0.000000 1.000000
0.997149 -0.016069 0.073721 -0.000000 0.018038 0.999496 -0.026125 13.948400 -0.073264 0.027380 0.996937 0.000000 0.000000 0.000000 0.000000 1.000000
0.997143 -0.016181 0.073790 0.000000 0.018024 0.999540 -0.024381 13.948400 -0.073362 0.025641 0.996976 0.000000 0.000000 0.000000 0.000000 1.000000
0.997136 -0.016290 0.073857 0.000000 0.018008 0.999581 -0.022656 13.948400 -0.073457 0.023921 0.997011 0.000000 0.000000 0.000000 0.000000 1.000000
0.997129 -0.016399 0.073923 0.000000 0.017993 0.999619 -0.020951 13.948400 -0.073551 0.022221 0.997044 0.000000 0.000000 0.000000 0.000000 1.000000
0.997123 -0.016510 0.073987 -0.000000 0.017981 0.999653 -0.019265 13.948400 -0.073643 0.020540 0.997073 0.000000 0.000000 0.000000 0.000000 1.000000
0.997116 -0.016624 0.074050 0.000000 0.017974 0.999684 -0.017597 13.948400 -0.073734 0.018877 0.997099 0.000000 0.000000 0.000000 0.000000 1.000000
0.997113 -0.016701 0.074072 0.000000 0.017960 0.999705 -0.016367 13.948400 -0.073777 0.017650 0.997119 0.000000 0.000000 0.000000 0.000000 1.000000
0.997113 -0.016747 0.074065 -0.000000 0.017941 0.999719 -0.015476 13.948400 -0.073785 0.016760 0.997133 0.000000 0.000000 0.000000 0.000000 1.000000
0.997112 -0.016798 0.074062 0.000000 0.017931 0.999732 -0.014654 13.948400 -0.073796 0.015940 0.997146 0.000000 0.000000 0.000000 0.000000 1.000000
0.997125 -0.016863 0.073878 0.000000 0.017957 0.999738 -0.014163 13.948400 -0.073620 0.015449 0.997167 0.000000 0.000000 0.000000 0.000000 1.000000
0.997148 -0.016918 0.073556 -0.000000 0.018011 0.999737 -0.014211 13.948400 -0.073296 0.015495 0.997190 -0.000000 0.000000 0.000000 0.000000 1.000000
0.997173 -0.016965 0.073206 -0.000000 0.018070 0.999732 -0.014461 13.948400 -0.072941 0.015743 0.997212 0.000000 0.000000 0.000000 0.000000 1.000000
0.997198 -0.016979 0.072851 0.000000 0.018132 0.999720 -0.015188 13.948400 -0.072572 0.016466 0.997227 0.000000 0.000000 0.000000 0.000000 1.000000
0.997210 -0.016903 0.072713 -0.000000 0.018150 0.999699 -0.016521 13.948400 -0.072412 0.017795 0.997216 0.000000 0.000000 0.000000 0.000000 1.000000
0.997218 -0.016807 0.072618 0.000000 0.018157 0.999674 -0.017978 13.948400 -0.072292 0.019246 0.997198 0.000000 0.000000 0.000000 0.000000 1.000000
0.997227 -0.016649 0.072538 -0.000000 0.018114 0.999644 -0.019585 13.948400 -0.072186 0.020845 0.997173 0.000000 0.000000 0.000000 0.000000 1.000000
0.997236 -0.016354 0.072482 0.000000 0.017957 0.999607 -0.021532 13.948400 -0.072102 0.022774 0.997137 0.000000 0.000000 0.000000 0.000000 1.000000
0.997245 -0.015969 0.072439 0.000000 0.017724 0.999563 -0.023651 13.948400 -0.072030 0.024869 0.997092 0.000000 0.000000 0.000000 0.000000 1.000000
0.997256 -0.015577 0.072378 0.000000 0.017477 0.999517 -0.025696 13.948400 -0.071943 0.026890 0.997046 -0.000000 0.000000 0.000000 0.000000 1.000000
0.997268 -0.015128 0.072304 -0.000000 0.017172 0.999468 -0.027736 13.948400 -0.071846 0.028902 0.996997 0.000000 0.000000 0.000000 0.000000 1.000000
0.997286 -0.014490 0.072186 0.000000 0.016673 0.999419 -0.029733 13.948400 -0.071713 0.030856 0.996948 -0.000000 0.000000 0.000000 0.000000 1.000000
0.997324 -0.013840 0.071786 0.000000 0.016160 0.999363 -0.031835 13.948400 -0.071300 0.032909 0.996912 0.000000 0.000000 0.000000 0.000000 1.000000
0.997368 -0.013307 0.071270 0.000000 0.015765 0.999296 -0.034039 13.948400 -0.070767 0.035073 0.996876 0.000000 0.000000 0.000000 0.000000 1.000000
0.997413 -0.012907 0.070723 -0.000000 0.015492 0.999227 -0.036123 13.948400 -0.070202 0.037125 0.996842 0.000000 0.000000 0.000000 0.000000 1.000000
0.997456 -0.012545 0.070179 0.000000 0.015238 0.999163 -0.037974 13.948400 -0.069644 0.038946 0.996811 0.000000 0.000000 0.000000 0.000000 1.000000
0.997488 -0.012241 0.069766 0.000000 0.015028 0.999104 -0.039555 13.948400 -0.069219 0.040504 0.996779 0.000000 0.000000 0.000000 0.000000 1.000000
0.997506 -0.012010 0.069547 0.000000 0.014873 0.999056 -0.040808 13.948400 -0.068991 0.041741 0.996744 0.000000 0.000000 0.000000 0.000000 1.000000
0.997522 -0.011788 0.069364 -0.000000 0.014725 0.999010 -0.041987 13.948400 -0.068801 0.042904 0.996707 0.000000 0.000000 0.000000 0.000000 1.000000
0.997535 -0.011577 0.069208 0.000000 0.014586 0.998963 -0.043119 13.948400 -0.068637 0.044023 0.996670 0.000000 0.000000 0.000000 0.000000 1.000000
0.997547 -0.011378 0.069068 0.000000 0.014456 0.998917 -0.044234 13.948400 -0.068490 0.045124 0.996631 0.000000 0.000000 0.000000 0.000000 1.000000
0.997558 -0.011190 0.068935 -0.000000 0.014339 0.998868 -0.045358 13.948400 -0.068349 0.046236 0.996590 0.000000 0.000000 0.000000 0.000000 1.000000
0.997570 -0.011014 0.068797 0.000000 0.014236 0.998816 -0.046520 13.948400 -0.068203 0.047387 0.996545 -0.000000 0.000000 0.000000 0.000000 1.000000
0.997578 -0.010916 0.068702 -0.000000 0.014222 0.998754 -0.047831 13.948400 -0.068094 0.048692 0.996490 0.000000 0.000000 0.000000 0.000000 1.000000
0.997583 -0.010877 0.068630 0.000000 0.014266 0.998693 -0.049080 13.948400 -0.068006 0.049940 0.996434 0.000000 0.000000 0.000000 0.000000 1.000000
0.997591 -0.010831 0.068512 -0.000000 0.014285 0.998641 -0.050118 13.948400 -0.067876 0.050976 0.996391 -0.000000 0.000000 0.000000 0.000000 1.000000
0.997600 -0.010794 0.068389 -0.000000 0.014305 0.998593 -0.051061 13.948400 -0.067741 0.051917 0.996351 0.000000 0.000000 0.000000 0.000000 1.000000
0.997606 -0.010768 0.068312 0.000000 0.014329 0.998552 -0.051850 13.948400 -0.067655 0.052705 0.996316 0.000000 0.000000 0.000000 0.000000 1.000000
0.997609 -0.010704 0.068276 0.000000 0.014301 0.998523 -0.052410 13.948400 -0.067614 0.053261 0.996289 0.000000 0.000000 0.000000 0.000000 1.000000
0.997596 -0.010775 0.068451 0.000000 0.014390 0.998515 -0.052539 13.948400 -0.067783 0.053398 0.996270 -0.000000 0.000000 0.000000 0.000000 1.000000
0.997563 -0.011059 0.068884 0.000000 0.014681 0.998524 -0.052294 13.948400 -0.068204 0.053178 0.996253 -0.000000 0.000000 0.000000 0.000000 1.000000
0.997525 -0.011398 0.069388 0.000000 0.015023 0.998538 -0.051934 13.948400 -0.068695 0.052848 0.996237 0.000000 0.000000 0.000000 0.000000 1.000000
0.997482 -0.011770 0.069933 0.000000 0.015393 0.998554 -0.051508 13.948400 -0.069226 0.052454 0.996221 0.000000 0.000000 0.000000 0.000000 1.000000
0.997439 -0.012149 0.070487 0.000000 0.015771 0.998571 -0.051064 13.948400 -0.069766 0.052045 0.996205 0.000000 0.000000 0.000000 0.000000 1.000000
0.997396 -0.012513 0.071021 0.000000 0.016135 0.998586 -0.050653 13.948400 -0.070287 0.051668 0.996188 0.000000 0.000000 0.000000 0.000000 1.000000</float_array>
        <technique_common>
          <accessor source="#mixamorig_Spine1-Matrix-animation-output-transform-array" count="57" stride="16">
            <param type="float4x4"/>
          </accessor>
        </technique_common>
      </source>
      <source id="mixamorig_Spine1-Interpolations">
        <Name_array id="mixamorig_Spine1-Interpolations-array" count="57">
 LINEAR LINEAR LINEAR LINEAR LINEAR LINEAR LINEAR LINEAR LINEAR LINEAR LINEAR
LINEAR LINEAR LINEAR LINEAR LINEAR LINEAR LINEAR LINEAR LINEAR LINEAR LINEAR LINEAR
LINEAR LINEAR LINEAR LINEAR LINEAR LINEAR LINEAR LINEAR LINEAR LINEAR LINEAR LINEAR
LINEAR LINEAR LINEAR LINEAR LINEAR LINEAR LINEAR LINEAR LINEAR LINEAR LINEAR LINEAR
LINEAR LINEAR LINEAR LINEAR LINEAR LINEAR LINEAR LINEAR LINEAR LINEAR</Name_array>
        <technique_common>
          <accessor source="#mixamorig_Spine1-Interpolations-array" count="57">
            <param type="name"/>
          </accessor>
        </technique_common>
      </source>
      <sampler id="mixamorig_Spine1-Matrix-animation-transform">
        <input semantic="INPUT" source="#mixamorig_Spine1-Matrix-animation-input"/>
        <input semantic="OUTPUT" source="#mixamorig_Spine1-Matrix-animation-output-transform"/>
        <input semantic="INTERPOLATION" source="#mixamorig_Spine1-Interpolations"/>
      </sampler>
      <channel source="#mixamorig_Spine1-Matrix-animation-transform" target="mixamorig_Spine1/matrix"/>
    </animation>
    <animation id="mixamorig_Spine2-anim" name="mixamorig_Spine2">
      <source id="mixamorig_Spine2-Matrix-animation-input">
        <float_array id="mixamorig_Spine2-Matrix-animation-input-array" count="57">

0.000000 0.033333 0.066667 0.100000 0.133333 0.166667 0.200000 0.233333 0.266667 0.300000 0.333333 0.366667 0.400000 0.433333 0.466667 0.500000
0.533333 0.566667 0.600000 0.633333 0.666667 0.700000 0.733333 0.766667 0.800000 0.833333 0.866667 0.900000 0.933333 0.966667 1.000000 1.033333
1.066667 1.100000 1.133333 1.166667 1.200000 1.233333 1.266667 1.300000 1.333333 1.366667 1.400000 1.433333 1.466667 1.500000 1.533333 1.566667
1.600000 1.633333 1.666667 1.700000 1.733333 1.766667 1.800000 1.833333 1.866667</float_array>
        <technique_common>
          <accessor source="#mixamorig_Spine2-Matrix-animation-input-array" count="57">
            <param name="TIME" type="float"/>
          </accessor>
        </technique_common>
      </source>
      <source id="mixamorig_Spine2-Matrix-animation-output-transform">
        <float_array id="mixamorig_Spine2-Matrix-animation-output-transform-array" count="912">

0.997400 -0.027580 0.066582 -0.000000 0.016892 0.987605 0.156047 15.941000 -0.070061 -0.154516 0.985503 0.000000 0.000000 0.000000 0.000000 1.000000
0.997512 -0.026944 0.065147 -0.000000 0.016460 0.987555 0.156411 15.941000 -0.068550 -0.154950 0.985541 0.000000 0.000000 0.000000 0.000000 1.000000
0.997622 -0.026306 0.063711 0.000000 0.016027 0.987504 0.156777 15.941000 -0.067040 -0.155383 0.985577 0.000000 0.000000 0.000000 0.000000 1.000000
0.997732 -0.025661 0.062224 0.000000 0.015590 0.987438 0.157238 15.941000 -0.065478 -0.155911 0.985598 0.000000 0.000000 0.000000 0.000000 1.000000
0.997858 -0.024980 0.060459 0.000000 0.015130 0.987291 0.158202 15.941000 -0.063643 -0.156948 0.985554 0.000000 0.000000 0.000000 0.000000 1.000000
0.997914 -0.024943 0.059544 0.000000 0.015129 0.987015 0.159912 15.941000 -0.062760 -0.158678 0.985334 0.000000 0.000000 0.000000 0.000000 1.000000
0.997954 -0.025037 0.058827 0.000000 0.015219 0.986711 0.161769 15.941000 -0.062095 -0.160543 0.985074 -0.000000 0.000000 0.000000 0.000000 1.000000
0.997952 -0.025336 0.058733 -0.000000 0.015405 0.986382 0.163748 15.941000 -0.062081 -0.162508 0.984752 0.000000 0.000000 0.000000 0.000000 1.000000
0.997917 -0.025783 0.059134 0.000000 0.015651 0.986036 0.165798 15.941000 -0.062583 -0.164527 0.984385 -0.000000 0.000000 0.000000 0.000000 1.000000
0.997876 -0.026263 0.059614 0.000000 0.015913 0.985680 0.167877 15.941000 -0.063170 -0.166571 0.984004 0.000000 0.000000 0.000000 0.000000 1.000000
0.997830 -0.026771 0.060160 0.000000 0.016187 0.985315 0.169978 15.941000 -0.063827 -0.168635 0.983610 0.000000 0.000000 0.000000 0.000000 1.000000
0.997779 -0.027302 0.060758 -0.000000 0.016471 0.984943 0.172093 15.941000 -0.064541 -0.170710 0.983205 0.000000 0.000000 0.000000 0.000000 1.000000
0.997725 -0.027848 0.061396 0.000000 0.016761 0.984565 0.174214 15.941000 -0.065299 -0.172789 0.982792 0.000000 0.000000 0.000000 0.000000 1.000000
0.997668 -0.028406 0.062061 0.000000 0.017053 0.984183 0.176334 15.941000 -0.066088 -0.174864 0.982372 0.000000 0.000000 0.000000 0.000000 1.000000
0.997609 -0.028969 0.062741 0.000000 0.017345 0.983797 0.178443 15.941000 -0.066894 -0.176929 0.981948 -0.000000 0.000000 0.000000 0.000000 1.000000
0.997550 -0.029531 0.063423 -0.000000 0.017634 0.983410 0.180535 15.941000 -0.067703 -0.178974 0.981522 0.000000 0.000000 0.000000 0.000000 1.000000
0.997490 -0.030085 0.064096 -0.000000 0.017916 0.983024 0.182601 15.941000 -0.068501 -0.180994 0.981096 0.000000 0.000000 0.000000 0.000000 1.000000
0.997432 -0.030626 0.064746 0.000000 0.018187 0.982639 0.184633 15.941000 -0.069277 -0.182981 0.980673 0.000000 0.000000 0.000000 0.000000 1.000000
0.997375 -0.031148 0.065362 0.000000 0.018445 0.982258 0.186623 15.941000 -0.070015 -0.184928 0.980255 0.000000 0.000000 0.000000 0.000000 1.000000
0.997323 -0.031524 0.065977 0.000000 0.018591 0.981963 0.188156 15.941000 -0.070719 -0.186426 0.979921 0.000000 0.000000 0.000000 0.000000 1.000000
0.997275 -0.031799 0.066576 0.000000 0.018664 0.981735 0.189338 15.941000 -0.071381 -0.187579 0.979652 0.000000 0.000000 0.000000 0.000000 1.000000
0.997235 -0.032068 0.067040 0.000000 0.018762 0.981524 0.190418 15.941000 -0.071907 -0.188634 0.979411 0.000000 0.000000 0.000000 0.000000 1.000000
0.997215 -0.032285 0.067235 -0.000000 0.018886 0.981385 0.191118 15.941000 -0.072153 -0.189316 0.979262 0.000000 0.000000 0.000000 0.000000 1.000000
0.997216 -0.032399 0.067160 -0.000000 0.019006 0.981363 0.191219 15.941000 -0.072104 -0.189410 0.979247 0.000000 0.000000 0.000000 0.000000 1.000000
0.997224 -0.032480 0.066995 0.000000 0.019126 0.981386 0.191091 15.941000 -0.071955 -0.189280 0.979283 0.000000 0.000000 0.000000 0.000000 1.000000
0.997247 -0.032493 0.066650 -0.000000 0.019254 0.981515 0.190415 15.941000 -0.071605 -0.188607 0.979439 0.000000 0.000000 0.000000 0.000000 1.000000
0.997263 -0.032461 0.066431 0.000000 0.019359 0.981765 0.189111 15.941000 -0.071359 -0.187307 0.979706 -0.000000 0.000000 0.000000 0.000000 1.000000
0.997277 -0.032417 0.066239 -0.000000 0.019456 0.982038 0.187679 15.941000 -0.071134 -0.185879 0.979994 0.000000 0.000000 0.000000 0.000000 1.000000
0.997291 -0.032292 0.066097 0.000000 0.019474 0.982338 0.186099 15.941000 -0.070939 -0.184307 0.980305 0.000000 0.000000 0.000000 0.000000 1.000000
0.997302 -0.031983 0.066068 -0.000000 0.019312 0.982701 0.184188 15.941000 -0.070816 -0.182415 0.980668 0.000000 0.000000 0.000000 0.000000 1.000000
0.997314 -0.031557 0.066093 0.000000 0.019039 0.983095 0.182105 15.941000 -0.070722 -0.180358 0.981055 0.000000 0.000000 0.000000 0.000000 1.000000
0.997327 -0.031121 0.066107 0.000000 0.018752 0.983471 0.180091 15.941000 -0.070619 -0.178370 0.981426 0.000000 0.000000 0.000000 0.000000 1.000000
0.997345 -0.030623 0.066076 0.000000 0.018410 0.983844 0.178081 15.941000 -0.070461 -0.176391 0.981795 0.000000 0.000000 0.000000 0.000000 1.000000
0.997384 -0.029927 0.065802 -0.000000 0.017913 0.984207 0.176115 15.941000 -0.070033 -0.174476 0.982168 0.000000 0.000000 0.000000 0.000000 1.000000
