<?xml version="1.0" encoding="utf-8"?>
<COLLADA xmlns="http://www.collada.org/2005/11/COLLADASchema" version="1.4.1">
  <asset>
    <contributor>
      <author>Mixamo</author>
      <authoring_tool>COLLADA Mixamo exporter</authoring_tool>
      <comments/>
    </contributor>
    <created>2024-04-15T23:52:51Z</created>
    <modified>2024-04-15T23:52:51Z</modified>
    <revision/>
    <title/>
    <unit meter="0.010000"/>
    <up_axis>Y_UP</up_axis>
  </asset>
  <library_animations>
    <animation id="mixamorig_Hips-anim" name="mixamorig_Hips">
      <source id="mixamorig_Hips-Matrix-animation-input">
        <float_array id="mixamorig_Hips-Matrix-animation-input-array" count="42">

0.000000 0.033333 0.066667 0.100000 0.133333 0.166667 0.200000 0.233333 0.266667 0.300000 0.333333 0.366667 0.400000 0.433333 0.466667 0.500000
0.533333 0.566667 0.600000 0.633333 0.666667 0.700000 0.733333 0.766667 0.800000 0.833333 0.866667 0.900000 0.933333 0.966667 1.000000 1.033333
1.066667 1.100000 1.133333 1.166667 1.200000 1.233333 1.266667 1.300000 1.333333 1.366667</float_array>
        <technique_common>
          <accessor source="#mixamorig_Hips-Matrix-animation-input-array" count="42">
            <param name="TIME" type="float"/>
          </accessor>
        </technique_common>
      </source>
      <source id="mixamorig_Hips-Matrix-animation-output-transform">
        <float_array id="mixamorig_Hips-Matrix-animation-output-transform-array" count="672">

0.998482 -0.054443 -0.008343 0.265471 0.053587 0.995247 -0.081313 100.960068 0.012730 0.080742 0.996654 0.028410 0.000000 0.000000 0.000000 1.000000
0.998716 -0.047899 -0.016478 0.542538 0.046524 0.996054 -0.075574 101.546280 0.020033 0.074710 0.997004 -0.646754 0.000000 0.000000 0.000000 1.000000
0.998861 -0.039308 -0.027031 0.870567 0.037362 0.996911 -0.069080 101.919388 0.029663 0.067991 0.997245 -1.033426 0.000000 0.000000 0.000000 1.000000
0.998803 -0.028957 -0.039428 1.307336 0.026469 0.997712 -0.062217 101.862808 0.041139 0.061099 0.997284 -1.308424 0.000000 0.000000 0.000000 1.000000
0.998458 -0.017869 -0.052561 1.860082 0.014960 0.998362 -0.055220 101.330170 0.053461 0.054348 0.997090 -1.319859 0.000000 0.000000 0.000000 1.000000
0.997828 -0.007451 -0.065449 2.513989 0.004304 0.998834 -0.048092 100.347565 0.065731 0.047705 0.996696 -0.970129 0.000000 0.000000 0.000000 1.000000
0.997015 0.001109 -0.077197 3.305910 -0.004299 0.999143 -0.041165 98.996498 0.077086 0.041374 0.996166 -0.298778 0.000000 0.000000 0.000000 1.000000
0.996122 0.008577 -0.087562 4.289042 -0.011655 0.999330 -0.034703 97.199295 0.087205 0.035589 0.995554 0.746875 0.000000 0.000000 0.000000 1.000000
0.995301 0.014097 -0.095794 5.382139 -0.016926 0.999442 -0.028784 95.184563 0.095335 0.030270 0.994985 2.067597 0.000000 0.000000 0.000000 1.000000
0.994715 0.016998 -0.101258 6.541265 -0.019449 0.999540 -0.023272 93.377777 0.100816 0.025118 0.994588 3.387148 0.000000 0.000000 0.000000 1.000000
0.994566 0.017182 -0.102681 7.609668 -0.019400 0.999599 -0.020642 92.239151 0.102285 0.022522 0.994500 4.417545 0.000000 0.000000 0.000000 1.000000
0.995157 0.017924 -0.096649 8.482498 -0.020323 0.999508 -0.023897 91.872108 0.096173 0.025746 0.995032 4.974662 0.000000 0.000000 0.000000 1.000000
0.996426 0.019205 -0.082255 9.089114 -0.022063 0.999179 -0.033981 92.226044 0.081535 0.035674 0.996032 5.129100 0.000000 0.000000 0.000000 1.000000
0.997842 0.021118 -0.062176 9.432614 -0.024063 0.998605 -0.047009 93.023819 0.061096 0.048404 0.996958 5.035878 0.000000 0.000000 0.000000 1.000000
0.998839 0.022994 -0.042342 9.680291 -0.025482 0.997921 -0.059195 94.171356 0.040893 0.060205 0.997348 4.819244 0.000000 0.000000 0.000000 1.000000
0.999268 0.026935 -0.027172 9.888554 -0.028786 0.997118 -0.070199 95.450790 0.025203 0.070930 0.997163 4.386370 0.000000 0.000000 0.000000 1.000000
0.999347 0.030877 -0.018752 10.045624 -0.032286 0.996256 -0.080200 96.739105 0.016206 0.080753 0.996602 3.701151 0.000000 0.000000 0.000000 1.000000
0.999272 0.033744 -0.017808 10.145776 -0.035188 0.995477 -0.088251 98.028076 0.014750 0.088814 0.995939 2.892642 0.000000 0.000000 0.000000 1.000000
0.999173 0.036291 -0.018348 10.232956 -0.037888 0.994672 -0.095872 99.312111 0.014771 0.096488 0.995225 2.061985 0.000000 0.000000 0.000000 1.000000
0.999109 0.037304 -0.019751 10.283362 -0.039141 0.993947 -0.102651 100.515305 0.015802 0.103333 0.994521 1.246843 0.000000 0.000000 0.000000 1.000000
0.999127 0.034951 -0.022895 10.252626 -0.037222 0.993488 -0.107685 101.563324 0.018982 0.108443 0.993921 0.473096 0.000000 0.000000 0.000000 1.000000
0.999193 0.030072 -0.026634 10.166040 -0.032862 0.993232 -0.111397 102.426483 0.023104 0.112182 0.993419 -0.273005 0.000000 0.000000 0.000000 1.000000
0.999364 0.021771 -0.028253 10.020512 -0.024842 0.993246 -0.113339 102.818497 0.025595 0.113969 0.993155 -0.971779 0.000000 0.000000 0.000000 1.000000
0.999581 0.010689 -0.026888 9.809128 -0.013690 0.993382 -0.114038 102.715584 0.025491 0.114358 0.993113 -1.559271 0.000000 0.000000 0.000000 1.000000
0.999743 -0.002093 -0.022562 9.459405 -0.000494 0.993475 -0.114047 102.021606 0.022653 0.114029 0.993219 -1.995325 0.000000 0.000000 0.000000 1.000000
0.999735 -0.014660 -0.017741 9.048641 0.012549 0.993431 -0.113743 101.133034 0.019292 0.113490 0.993352 -2.357723 0.000000 0.000000 0.000000 1.000000
0.999612 -0.024443 -0.013380 8.471013 0.022777 0.993337 -0.112974 99.862549 0.016052 0.112625 0.993508 -2.503285 0.000000 0.000000 0.000000 1.000000
0.999474 -0.030734 -0.010380 7.678526 0.029385 0.993316 -0.111621 98.175400 0.013741 0.111257 0.993697 -1.941509 0.000000 0.000000 0.000000 1.000000
0.999311 -0.036304 -0.007655 6.843835 0.035241 0.993289 -0.110156 96.418381 0.011603 0.109811 0.993885 -1.236776 0.000000 0.000000 0.000000 1.000000
0.999158 -0.040723 -0.005054 5.978444 0.039931 0.993247 -0.108927 94.793472 0.009455 0.108633 0.994037 -0.366771 0.000000 0.000000 0.000000 1.000000
0.999112 -0.042060 -0.002592 5.047369 0.041535 0.993278 -0.108047 93.454887 0.007119 0.107843 0.994142 0.892540 0.000000 0.000000 0.000000 1.000000
0.999079 -0.042916 -0.000350 4.086483 0.042627 0.993225 -0.108103 92.404861 0.004987 0.107988 0.994140 2.297118 0.000000 0.000000 0.000000 1.000000
0.998802 -0.048916 0.001422 3.168854 0.048769 0.992564 -0.111526 92.050232 0.004044 0.111462 0.993761 3.385072 0.000000 0.000000 0.000000 1.000000
0.998348 -0.057428 0.002008 2.312640 0.057283 0.991841 -0.113883 92.261871 0.004549 0.113810 0.993492 4.034910 0.000000 0.000000 0.000000 1.000000
0.997856 -0.065430 0.001601 1.570692 0.065189 0.991403 -0.113449 92.931229 0.005836 0.113310 0.993543 4.225622 0.000000 0.000000 0.000000 1.000000
0.997468 -0.071120 0.000635 0.970535 0.070758 0.991401 -0.110083 93.895874 0.007199 0.109849 0.993922 3.993448 0.000000 0.000000 0.000000 1.000000
0.997457 -0.071272 0.000309 0.622474 0.070901 0.991808 -0.106255 95.092766 0.007266 0.106007 0.994339 3.473057 0.000000 0.000000 0.000000 1.000000
0.997522 -0.070350 0.000102 0.324235 0.069991 0.992286 -0.102326 96.333366 0.007097 0.102080 0.994751 2.897068 0.000000 0.000000 0.000000 1.000000
0.997627 -0.068855 -0.000289 0.066846 0.068494 0.992805 -0.098218 97.576759 0.007049 0.097965 0.995165 2.296146 0.000000 0.000000 0.000000 1.000000
0.997906 -0.064655 -0.001712 0.010717 0.064215 0.993576 -0.093184 98.820389 0.007726 0.092879 0.995647 1.580789 0.000000 0.000000 0.000000 1.000000
0.998197 -0.059856 -0.004526 0.082329 0.059226 0.994357 -0.088013 99.959686 0.009769 0.087587 0.996109 0.822631 0.000000 0.000000 0.000000 1.000000
0.998482 -0.054443 -0.008343 0.265477 0.053587 0.995247 -0.081313 100.960052 0.012730 0.080742 0.996654 0.028414 0.000000 0.000000 0.000000 1.000000</float_array>
        <technique_common>
          <accessor source="#mixamorig_Hips-Matrix-animation-output-transform-array" count="42" stride="16">
            <param type="float4x4"/>
          </accessor>
        </technique_common>
      </source>
      <source id="mixamorig_Hips-Interpolations">
        <Name_array id="mixamorig_Hips-Interpolations-array" count="42">
 LINEAR LINEAR LINEAR LINEAR LINEAR LINEAR LINEAR LINEAR LINEAR LINEAR LINEAR
LINEAR LINEAR LINEAR LINEAR LINEAR LINEAR LINEAR LINEAR LINEAR LINEAR LINEAR LINEAR
LINEAR LINEAR LINEAR LINEAR LINEAR LINEAR LINEAR LINEAR LINEAR LINEAR LINEAR LINEAR
LINEAR LINEAR LINEAR LINEAR LINEAR LINEAR LINEAR</Name_array>
        <technique_common>
          <accessor source="#mixamorig_Hips-Interpolations-array" count="42">
            <param type="name"/>
          </accessor>
        </technique_common>
      </source>
      <sampler id="mixamorig_Hips-Matrix-animation-transform">
        <input semantic="INPUT" source="#mixamorig_Hips-Matrix-animation-input"/>
        <input semantic="OUTPUT" source="#mixamorig_Hips-Matrix-animation-output-transform"/>
        <input semantic="INTERPOLATION" source="#mixamorig_Hips-Interpolations"/>
      </sampler>
      <channel source="#mixamorig_Hips-Matrix-animation-transform" target="mixamorig_Hips/matrix"/>
    </animation>
    <animation id="mixamorig_Spine-anim" name="mixamorig_Spine">
      <source id="mixamorig_Spine-Matrix-animation-input">
        <float_array id="mixamorig_Spine-Matrix-animation-input-array" count="42">

0.000000 0.033333 0.066667 0.100000 0.133333 0.166667 0.200000 0.233333 0.266667 0.300000 0.333333 0.366667 0.400000 0.433333 0.466667 0.500000
0.533333 0.566667 0.600000 0.633333 0.666667 0.700000 0.733333 0.766667 0.800000 0.833333 0.866667 0.900000 0.933333 0.966667 1.000000 1.033333
1.066667 1.100000 1.133333 1.166667 1.200000 1.233333 1.266667 1.300000 1.333333 1.366667</float_array>
        <technique_common>
          <accessor source="#mixamorig_Spine-Matrix-animation-input-array" count="42">
            <param name="TIME" type="float"/>
          </accessor>
        </technique_common>
      </source>
      <source id="mixamorig_Spine-Matrix-animation-output-transform">
        <float_array id="mixamorig_Spine-Matrix-animation-output-transform-array" count="672">

0.999421 0.022503 0.025502 -0.000000 -0.015432 0.968232 -0.249575 11.116800 -0.030309 0.249037 0.968019 0.484300 0.000000 0.000000 0.000000 1.000000
0.999213 0.024746 0.031012 0.000000 -0.016327 0.968863 -0.247057 11.116800 -0.036160 0.246356 0.968505 0.484300 0.000000 0.000000 0.000000 1.000000
0.998930 0.025659 0.038467 -0.000000 -0.015515 0.969673 -0.243912 11.116800 -0.043559 0.243055 0.969034 0.484300 0.000000 0.000000 0.000000 1.000000
0.998569 0.026553 0.046412 0.000000 -0.014643 0.970601 -0.240249 11.116800 -0.051427 0.239226 0.969601 0.484300 0.000000 0.000000 0.000000 1.000000
0.998181 0.024989 0.054864 0.000000 -0.011400 0.971867 -0.235256 11.116800 -0.059199 0.234203 0.970384 0.484300 0.000000 0.000000 0.000000 1.000000
0.997775 0.022708 0.062687 -0.000000 -0.007492 0.972444 -0.233018 11.116800 -0.066251 0.232030 0.970450 0.484300 0.000000 0.000000 0.000000 1.000000
0.997384 0.021790 0.068921 0.000000 -0.005213 0.972681 -0.232086 11.116800 -0.072095 0.231120 0.970250 0.484300 0.000000 0.000000 0.000000 1.000000
0.997017 0.023006 0.073674 0.000000 -0.005219 0.972453 -0.233041 11.116800 -0.077005 0.231962 0.969672 0.484300 0.000000 0.000000 0.000000 1.000000
0.996750 0.025708 0.076345 0.000000 -0.007091 0.972034 -0.234734 11.116800 -0.080245 0.233430 0.969057 0.484300 0.000000 0.000000 0.000000 1.000000
0.996596 0.029225 0.077081 0.000000 -0.010015 0.971047 -0.238679 11.116800 -0.081825 0.237095 0.968034 0.484300 0.000000 0.000000 0.000000 1.000000
0.996362 0.041758 0.074286 0.000000 -0.021694 0.967283 -0.252770 11.116800 -0.082411 0.250239 0.964670 0.484300 0.000000 0.000000 0.000000 1.000000
0.996471 0.046511 0.069871 0.000000 -0.026681 0.964777 -0.261711 11.116800 -0.079582 0.258924 0.962614 0.484300 0.000000 0.000000 0.000000 1.000000
0.997144 0.041757 0.062925 -0.000000 -0.023935 0.965014 -0.261104 11.116800 -0.071627 0.258852 0.963258 0.484300 0.000000 0.000000 0.000000 1.000000
0.997777 0.040769 0.052715 0.000000 -0.025621 0.964915 -0.261309 11.116800 -0.061519 0.259378 0.963815 0.484300 0.000000 0.000000 0.000000 1.000000
0.998420 0.034961 0.043985 0.000000 -0.022297 0.965088 -0.260974 11.116800 -0.051574 0.259581 0.964343 0.484300 0.000000 0.000000 0.000000 1.000000
0.998953 0.025355 0.038067 -0.000000 -0.014732 0.966298 -0.257003 11.116800 -0.043300 0.256174 0.965660 0.484300 0.000000 0.000000 0.000000 1.000000
0.999254 0.021143 0.032328 -0.000000 -0.012331 0.967715 -0.251746 11.116800 -0.036607 0.251159 0.967253 0.484300 0.000000 0.000000 0.000000 1.000000
0.999545 0.016335 0.025347 -0.000000 -0.009545 0.968736 -0.247908 11.116800 -0.028604 0.247554 0.968452 0.484300 0.000000 0.000000 0.000000 1.000000
0.999771 0.011468 0.018082 0.000000 -0.006703 0.969661 -0.244362 11.116800 -0.020336 0.244185 0.969515 0.484300 0.000000 0.000000 0.000000 1.000000
0.999922 0.006855 0.010443 0.000000 -0.004140 0.970599 -0.240668 11.116800 -0.011786 0.240606 0.970551 0.484300 0.000000 0.000000 0.000000 1.000000
0.999994 0.002752 0.001974 0.000000 -0.002208 0.971670 -0.236330 11.116800 -0.002569 0.236324 0.971671 0.484300 0.000000 0.000000 0.000000 1.000000
0.999976 -0.000828 -0.006870 -0.000000 -0.000789 0.972709 -0.232029 11.116800 0.006875 0.232028 0.972685 0.484300 0.000000 0.000000 0.000000 1.000000
0.999877 -0.003303 -0.015320 0.000000 -0.000294 0.973407 -0.229081 11.116800 0.015669 0.229058 0.973287 0.484300 0.000000 0.000000 0.000000 1.000000
0.999676 -0.004267 -0.025107 0.000000 -0.001523 0.974083 -0.226186 11.116800 0.025421 0.226151 0.973761 0.484300 0.000000 0.000000 0.000000 1.000000
0.999403 -0.002949 -0.034429 -0.000000 -0.004872 0.974378 -0.224863 11.116800 0.034210 0.224896 0.973782 0.484300 0.000000 0.000000 0.000000 1.000000
0.999077 -0.001163 -0.042940 -0.000000 -0.008488 0.974579 -0.223882 11.116800 0.042108 0.224040 0.973670 0.484300 0.000000 0.000000 0.000000 1.000000
0.998853 0.000643 -0.047887 0.000000 -0.011332 0.974688 -0.223282 11.116800 0.046531 0.223568 0.973577 0.484300 0.000000 0.000000 0.000000 1.000000
0.998763 0.001392 -0.049713 0.000000 -0.012500 0.974544 -0.223849 11.116800 0.048136 0.224194 0.973355 0.484300 0.000000 0.000000 0.000000 1.000000
0.998703 0.001825 -0.050877 0.000000 -0.013229 0.974327 -0.224747 11.116800 0.049160 0.225128 0.973088 0.484300 0.000000 0.000000 0.000000 1.000000
0.998710 0.000426 -0.050769 0.000000 -0.011975 0.973726 -0.227409 11.116800 0.049338 0.227724 0.972475 0.484300 0.000000 0.000000 0.000000 1.000000
0.998843 -0.006505 -0.047646 0.000000 -0.004881 0.971976 -0.235031 11.116800 0.047840 0.234991 0.970819 0.484300 0.000000 0.000000 0.000000 1.000000
0.998990 -0.013315 -0.042909 -0.000000 0.002479 0.969955 -0.243272 11.116800 0.044859 0.242920 0.969009 0.484300 0.000000 0.000000 0.000000 1.000000
0.999220 -0.007563 -0.038766 0.000000 -0.002106 0.969900 -0.243493 11.116800 0.039441 0.243384 0.969128 0.484300 0.000000 0.000000 0.000000 1.000000
0.999437 0.000609 -0.033543 -0.000000 -0.008607 0.971026 -0.238820 11.116800 0.032425 0.238975 0.970484 0.484300 0.000000 0.000000 0.000000 1.000000
0.999608 0.006922 -0.027139 0.000000 -0.013275 0.970320 -0.241461 11.116800 0.024663 0.241727 0.970031 0.484300 0.000000 0.000000 0.000000 1.000000
0.999633 0.016956 -0.021139 -0.000000 -0.021544 0.970439 -0.240384 11.116800 0.016438 0.240751 0.970448 0.484300 0.000000 0.000000 0.000000 1.000000
0.999730 0.018610 -0.013945 0.000000 -0.021447 0.969660 -0.243515 11.116800 0.008990 0.243748 0.969797 0.484300 0.000000 0.000000 0.000000 1.000000
0.999803 0.018750 -0.006521 -0.000000 -0.019781 0.968714 -0.247392 11.116800 0.001678 0.247472 0.968894 0.484300 0.000000 0.000000 0.000000 1.000000
0.999819 0.018999 0.001024 -0.000000 -0.018133 0.967779 -0.251149 11.116800 -0.005763 0.251085 0.967948 0.484300 0.000000 0.000000 0.000000 1.000000
0.999757 0.020087 0.009136 0.000000 -0.017107 0.967018 -0.254133 11.116800 -0.013939 0.253915 0.967126 0.484300 0.000000 0.000000 0.000000 1.000000
0.999618 0.021481 0.017403 -0.000000 -0.016395 0.967469 -0.252456 11.116800 -0.022260 0.252075 0.967452 0.484300 0.000000 0.000000 0.000000 1.000000
0.999421 0.022503 0.025502 0.000000 -0.015432 0.968232 -0.249575 11.116800 -0.030308 0.249038 0.968019 0.484300 0.000000 0.000000 0.000000 1.000000</float_array>
        <technique_common>
          <accessor source="#mixamorig_Spine-Matrix-animation-output-transform-array" count="42" stride="16">
            <param type="float4x4"/>
          </accessor>
        </technique_common>
      </source>
      <source id="mixamorig_Spine-Interpolations">
        <Name_array id="mixamorig_Spine-Interpolations-array" count="42">
 LINEAR LINEAR LINEAR LINEAR LINEAR LINEAR LINEAR LINEAR LINEAR LINEAR LINEAR
LINEAR LINEAR LINEAR LINEAR LINEAR LINEAR LINEAR LINEAR LINEAR LINEAR LINEAR LINEAR
LINEAR LINEAR LINEAR LINEAR LINEAR LINEAR LINEAR LINEAR LINEAR LINEAR LINEAR LINEAR
LINEAR LINEAR LINEAR LINEAR LINEAR LINEAR LINEAR</Name_array>
        <technique_common>
          <accessor source="#mixamorig_Spine-Interpolations-array" count="42">
            <param type="name"/>
          </accessor>
        </technique_common>
      </source>
      <sampler id="mixamorig_Spine-Matrix-animation-transform">
        <input semantic="INPUT" source="#mixamorig_Spine-Matrix-animation-input"/>
        <input semantic="OUTPUT" source="#mixamorig_Spine-Matrix-animation-output-transform"/>
        <input semantic="INTERPOLATION" source="#mixamorig_Spine-Interpolations"/>
      </sampler>
      <channel source="#mixamorig_Spine-Matrix-animation-transform" target="mixamorig_Spine/matrix"/>
    </animation>
    <animation id="mixamorig_Spine1-anim" name="mixamorig_Spine1">
      <source id="mixamorig_Spine1-Matrix-animation-input">
        <float_array id="mixamorig_Spine1-Matrix-animation-input-array" count="42">

0.000000 0.033333 0.066667 0.100000 0.133333 0.166667 0.200000 0.233333 0.266667 0.300000 0.333333 0.366667 0.400000 0.433333 0.466667 0.500000
0.533333 0.566667 0.600000 0.633333 0.666667 0.700000 0.733333 0.766667 0.800000 0.833333 0.866667 0.900000 0.933333 0.966667 1.000000 1.033333
1.066667 1.100000 1.133333 1.166667 1.200000 1.233333 1.266667 1.300000 1.333333 1.366667</float_array>
        <technique_common>
          <accessor source="#mixamorig_Spine1-Matrix-animation-input-array" count="42">
            <param name="TIME" type="float"/>
          </accessor>
        </technique_common>
      </source>
      <source id="mixamorig_Spine1-Matrix-animation-output-transform">
        <float_array id="mixamorig_Spine1-Matrix-animation-output-transform-array" count="672">

0.998604 0.022078 0.047989 0.000000 -0.016538 0.993467 -0.112919 12.981900 -0.050168 0.111968 0.992445 0.000000 0.000000 0.000000 0.000000 1.000000
0.997706 0.028084 0.061594 -0.000000 -0.021335 0.993964 -0.107615 12.981900 -0.064245 0.106054 0.992283 0.000000 0.000000 0.000000 0.000000 1.000000
0.996664 0.033019 0.074636 0.000000 -0.025305 0.994459 -0.102033 12.981900 -0.077592 0.099804 0.991977 0.000000 0.000000 0.000000 0.000000 1.000000
0.995624 0.037219 0.085722 0.000000 -0.028871 0.994899 -0.096652 12.981900 -0.088882 0.093754 0.991620 0.000000 0.000000 0.000000 0.000000 1.000000
0.994639 0.039621 0.095522 0.000000 -0.030890 0.995353 -0.091204 12.981900 -0.098691 0.087764 0.991240 0.000000 0.000000 0.000000 0.000000 1.000000
0.993732 0.040557 0.104175 0.000000 -0.031532 0.995721 -0.086865 12.981900 -0.107252 0.083036 0.990758 -0.000000 0.000000 0.000000 0.000000 1.000000
0.992889 0.041022 0.111751 0.000000 -0.031726 0.995983 -0.083728 12.981900 -0.114737 0.079588 0.990203 0.000000 0.000000 0.000000 0.000000 1.000000
0.992084 0.041846 0.118396 0.000000 -0.032156 0.996064 -0.082595 12.981900 -0.121386 0.078134 0.989525 -0.000000 0.000000 0.000000 0.000000 1.000000
0.991418 0.043270 0.123359 0.000000 -0.033011 0.995916 -0.084028 12.981900 -0.126491 0.079235 0.988798 -0.000000 0.000000 0.000000 0.000000 1.000000
0.991080 0.045327 0.125320 0.000000 -0.033962 0.995237 -0.091380 12.981900 -0.128865 0.086309 0.987899 0.000000 0.000000 0.000000 0.000000 1.000000
0.991224 0.048022 0.123160 -0.000000 -0.034760 0.993580 -0.107657 12.981900 -0.127539 0.102431 0.986530 -0.000000 0.000000 0.000000 0.000000 1.000000
0.991781 0.048912 0.118232 0.000000 -0.034396 0.991954 -0.121839 12.981900 -0.123240 0.116771 0.985483 0.000000 0.000000 0.000000 0.000000 1.000000
0.992781 0.047385 0.110182 -0.000000 -0.033019 0.991130 -0.128730 12.981900 -0.115304 0.124163 0.985540 0.000000 0.000000 0.000000 0.000000 1.000000
0.994037 0.044489 0.099553 -0.000000 -0.031067 0.990693 -0.132522 12.981900 -0.104522 0.128639 0.986168 0.000000 0.000000 0.000000 0.000000 1.000000
0.995366 0.039049 0.087876 -0.000000 -0.027231 0.990892 -0.131876 12.981900 -0.092225 0.128871 0.987363 -0.000000 0.000000 0.000000 0.000000 1.000000
0.996580 0.032238 0.076086 0.000000 -0.022346 0.991593 -0.127448 12.981900 -0.079555 0.125312 0.988923 0.000000 0.000000 0.000000 0.000000 1.000000
0.997635 0.026056 0.063609 0.000000 -0.018145 0.992374 -0.121923 12.981900 -0.066301 0.120481 0.990499 0.000000 0.000000 0.000000 0.000000 1.000000
0.998521 0.019921 0.050580 -0.000000 -0.013951 0.993181 -0.115745 12.981900 -0.052541 0.114868 0.991990 0.000000 0.000000 0.000000 0.000000 1.000000
0.999205 0.013928 0.037363 0.000000 -0.009760 0.993937 -0.109521 12.981900 -0.038662 0.109069 0.993282 0.000000 0.000000 0.000000 0.000000 1.000000
0.999683 0.008195 0.023803 -0.000000 -0.005696 0.994644 -0.103201 12.981900 -0.024522 0.103033 0.994376 0.000000 0.000000 0.000000 0.000000 1.000000
0.999951 0.002848 0.009517 -0.000000 -0.001916 0.995335 -0.096458 12.981900 -0.009747 0.096435 0.995292 0.000000 0.000000 0.000000 0.000000 1.000000
0.999985 -0.002084 -0.005104 -0.000000 0.001618 0.995966 -0.089717 12.981900 0.005271 0.089707 0.995954 0.000000 0.000000 0.000000 0.000000 1.000000
0.999791 -0.006351 -0.019435 -0.000000 0.004699 0.996463 -0.083902 12.981900 0.019899 0.083793 0.996284 -0.000000 0.000000 0.000000 0.000000 1.000000
0.999401 -0.009585 -0.033253 -0.000000 0.006939 0.996866 -0.078799 12.981900 0.033904 0.078521 0.996336 -0.000000 0.000000 0.000000 0.000000 1.000000
0.998912 -0.011074 -0.045299 0.000000 0.007640 0.997131 -0.075307 12.981900 0.046003 0.074879 0.996131 0.000000 0.000000 0.000000 0.000000 1.000000
0.998339 -0.011905 -0.056366 0.000000 0.007802 0.997341 -0.072451 12.981900 0.057079 0.071891 0.995778 0.000000 0.000000 0.000000 0.000000 1.000000
0.997864 -0.011410 -0.064327 -0.000000 0.006819 0.997442 -0.071151 12.981900 0.064975 0.070560 0.995389 0.000000 0.000000 0.000000 0.000000 1.000000
0.997528 -0.010810 -0.069432 0.000000 0.005814 0.997404 -0.071769 12.981900 0.070028 0.071188 0.995002 0.000000 0.000000 0.000000 0.000000 1.000000
0.997215 -0.010232 -0.073875 0.000000 0.004838 0.997333 -0.072828 12.981900 0.074423 0.072268 0.994605 0.000000 0.000000 0.000000 0.000000 1.000000
0.997034 -0.010149 -0.076288 0.000000 0.004390 0.997152 -0.075285 12.981900 0.076835 0.074727 0.994240 0.000000 0.000000 0.000000 0.000000 1.000000
0.997193 -0.011477 -0.073994 0.000000 0.005432 0.996668 -0.081381 12.981900 0.074682 0.080750 0.993933 -0.000000 0.000000 0.000000 0.000000 1.000000
0.997533 -0.012868 -0.069005 0.000000 0.006724 0.996050 -0.088537 12.981900 0.069872 0.087855 0.993680 0.000000 0.000000 0.000000 0.000000 1.000000
0.997943 -0.011677 -0.063028 -0.000000 0.005831 0.995728 -0.092146 12.981900 0.063835 0.091589 0.993749 -0.000000 0.000000 0.000000 0.000000 1.000000
0.998389 -0.009079 -0.056014 0.000000 0.003823 0.995636 -0.093241 12.981900 0.056616 0.092877 0.994067 -0.000000 0.000000 0.000000 0.000000 1.000000
0.998839 -0.006560 -0.047719 0.000000 0.001972 0.995421 -0.095570 12.981900 0.048127 0.095365 0.994278 -0.000000 0.000000 0.000000 0.000000 1.000000
0.999253 -0.002921 -0.038546 0.000000 -0.000825 0.995303 -0.096807 12.981900 0.038647 0.096767 0.994556 0.000000 0.000000 0.000000 0.000000 1.000000
0.999653 0.000398 -0.026336 0.000000 -0.003025 0.995005 -0.099777 12.981900 0.026165 0.099822 0.994661 0.000000 0.000000 0.000000 0.000000 1.000000
0.999901 0.003742 -0.013544 -0.000000 -0.005119 0.994656 -0.103116 12.981900 0.013086 0.103175 0.994577 0.000000 0.000000 0.000000 0.000000 1.000000
0.999973 0.007316 -0.000298 -0.000000 -0.007307 0.994282 -0.106535 12.981900 -0.000483 0.106534 0.994309 0.000000 0.000000 0.000000 0.000000 1.000000
0.999814 0.011777 0.015250 0.000000 -0.010029 0.993874 -0.110063 12.981900 -0.016453 0.109890 0.993808 0.000000 0.000000 0.000000 0.000000 1.000000
0.999368 0.016855 0.031298 0.000000 -0.013244 0.993597 -0.112205 12.981900 -0.032989 0.111720 0.993192 0.000000 0.000000 0.000000 0.000000 1.000000
0.998604 0.022078 0.047989 -0.000000 -0.016538 0.993467 -0.112919 12.981900 -0.050168 0.111968 0.992445 0.000000 0.000000 0.000000 0.000000 1.000000</float_array>
        <technique_common>
          <accessor source="#mixamorig_Spine1-Matrix-animation-output-transform-array" count="42" stride="16">
            <param type="float4x4"/>
          </accessor>
        </technique_common>
      </source>
      <source id="mixamorig_Spine1-Interpolations">
        <Name_array id="mixamorig_Spine1-Interpolations-array" count="42">
 LINEAR LINEAR LINEAR LINEAR LINEAR LINEAR LINEAR LINEAR LINEAR LINEAR LINEAR
LINEAR LINEAR LINEAR LINEAR LINEAR LINEAR LINEAR LINEAR LINEAR LINEAR LINEAR LINEAR
LINEAR LINEAR LINEAR LINEAR LINEAR LINEAR LINEAR LINEAR LINEAR LINEAR LINEAR LINEAR
LINEAR LINEAR LINEAR LINEAR LINEAR LINEAR LINEAR</Name_array>
        <technique_common>
          <accessor source="#mixamorig_Spine1-Interpolations-array" count="42">
            <param type="name"/>
          </accessor>
        </technique_common>
      </source>
      <sampler id="mixamorig_Spine1-Matrix-animation-transform">
        <input semantic="INPUT" source="#mixamorig_Spine1-Matrix-animation-input"/>
        <input semantic="OUTPUT" source="#mixamorig_Spine1-Matrix-animation-output-transform"/>
        <input semantic="INTERPOLATION" source="#mixamorig_Spine1-Interpolations"/>
      </sampler>
      <channel source="#mixamorig_Spine1-Matrix-animation-transform" target="mixamorig_Spine1/matrix"/>
    </animation>
    <animation id="mixamorig_Spine2-anim" name="mixamorig_Spine2">
      <source id="mixamorig_Spine2-Matrix-animation-input">
        <float_array id="mixamorig_Spine2-Matrix-animation-input-array" count="42">

0.000000 0.033333 0.066667 0.100000 0.133333 0.166667 0.200000 0.233333 0.266667 0.300000 0.333333 0.366667 0.400000 0.433333 0.466667 0.500000
0.533333 0.566667 0.600000 0.633333 0.666667 0.700000 0.733333 0.766667 0.800000 0.833333 0.866667 0.900000 0.933333 0.966667 1.000000 1.033333
1.066667 1.100000 1.133333 1.166667 1.200000 1.233333 1.266667 1.300000 1.333333 1.366667</float_array>
        <technique_common>
          <accessor source="#mixamorig_Spine2-Matrix-animation-input-array" count="42">
            <param name="TIME" type="float"/>
          </accessor>
        </technique_common>
      </source>
      <source id="mixamorig_Spine2-Matrix-animation-output-transform">
        <float_array id="mixamorig_Spine2-Matrix-animation-output-transform-array" count="672">

0.998582 0.012804 0.051673 -0.000000 -0.015921 0.998050 0.060363 14.836500 -0.050800 -0.061100 0.996838 0.000000 0.000000 0.000000 0.000000 1.000000
0.997744 0.016010 0.065201 -0.000000 -0.020305 0.997629 0.065751 14.836500 -0.063993 -0.066926 0.995704 0.000000 0.000000 0.000000 0.000000 1.000000
0.996771 0.018708 0.078086 0.000000 -0.024301 0.997158 0.071309 14.836500 -0.076530 -0.072976 0.994393 -0.000000 0.000000 0.000000 0.000000 1.000000
0.995794 0.020233 0.089363 0.000000 -0.027132 0.996686 0.076681 14.836500 -0.087515 -0.078783 0.993043 0.000000 0.000000 0.000000 0.000000 1.000000
0.994856 0.020387 0.099225 0.000000 -0.028588 0.996227 0.081944 14.836500 -0.097180 -0.084360 0.991685 0.000000 0.000000 0.000000 0.000000 1.000000
0.993969 0.019664 0.107884 0.000000 -0.029036 0.995871 0.086006 14.836500 -0.105747 -0.088620 0.990436 0.000000 0.000000 0.000000 0.000000 1.000000
0.993121 0.018799 0.115572 0.000000 -0.029171 0.995630 0.088713 14.836500 -0.113399 -0.091474 0.989330 -0.000000 0.000000 0.000000 0.000000 1.000000
0.992292 0.018851 0.122481 -0.000000 -0.029985 0.995516 0.089712 14.836500 -0.120240 -0.092693 0.988408 0.000000 0.000000 0.000000 0.000000 1.000000
0.991584 0.019642 0.127964 -0.000000 -0.031119 0.995607 0.088311 14.836500 -0.125667 -0.091550 0.987839 0.000000 0.000000 0.000000 0.000000 1.000000
0.991198 0.020927 0.130722 0.000000 -0.031701 0.996219 0.080886 14.836500 -0.128535 -0.084318 0.988114 0.000000 0.000000 0.000000 0.000000 1.000000
0.991202 0.024639 0.130047 0.000000 -0.033371 0.997301 0.065403 14.836500 -0.128085 -0.069168 0.989348 0.000000 0.000000 0.000000 0.000000 1.000000
0.991749 0.026135 0.125499 -0.000000 -0.032859 0.998116 0.051807 14.836500 -0.123908 -0.055503 0.990740 0.000000 0.000000 0.000000 0.000000 1.000000
0.992740 0.025885 0.117464 -0.000000 -0.031274 0.998530 0.044269 14.836500 -0.116145 -0.047621 0.992090 -0.000000 0.000000 0.000000 0.000000 1.000000
0.994014 0.025629 0.106203 0.000000 -0.030104 0.998716 0.040754 14.836500 -0.105023 -0.043707 0.993509 0.000000 0.000000 0.000000 0.000000 1.000000
0.995344 0.022774 0.093655 0.000000 -0.026750 0.998784 0.041419 14.836500 -0.092597 -0.043731 0.994743 0.000000 0.000000 0.000000 0.000000 1.000000
0.996590 0.018141 0.080492 0.000000 -0.021864 0.998720 0.045621 14.836500 -0.079561 -0.047225 0.995711 0.000000 0.000000 0.000000 0.000000 1.000000
0.997651 0.014267 0.066999 0.000000 -0.017716 0.998533 0.051175 14.836500 -0.066171 -0.052242 0.996440 0.000000 0.000000 0.000000 0.000000 1.000000
0.998540 0.010804 0.052917 0.000000 -0.013842 0.998256 0.057385 14.836500 -0.052205 -0.058034 0.996949 0.000000 0.000000 0.000000 0.000000 1.000000
0.999223 0.007565 0.038672 0.000000 -0.010018 0.997922 0.063642 14.836500 -0.038111 -0.063980 0.997223 0.000000 0.000000 0.000000 0.000000 1.000000
0.999697 0.004593 0.024187 0.000000 -0.006276 0.997527 0.070003 14.836500 -0.023806 -0.070134 0.997253 0.000000 0.000000 0.000000 0.000000 1.000000
0.999956 0.001993 0.009179 -0.000000 -0.002692 0.997042 0.076807 14.836500 -0.008999 -0.076829 0.997004 0.000000 0.000000 0.000000 0.000000 1.000000
0.999982 -0.000212 -0.006023 0.000000 0.000715 0.996498 0.083616 14.836500 0.005984 -0.083619 0.996480 0.000000 0.000000 0.000000 0.000000 1.000000
0.999782 -0.001876 -0.020807 -0.000000 0.003731 0.995980 0.089503 14.836500 0.020556 -0.089561 0.995769 0.000000 0.000000 0.000000 0.000000 1.000000
0.999392 -0.002305 -0.034800 0.000000 0.005591 0.995498 0.094613 14.836500 0.034425 -0.094750 0.994906 0.000000 0.000000 0.000000 0.000000 1.000000
0.998913 -0.001350 -0.046593 -0.000000 0.005913 0.995175 0.097934 14.836500 0.046236 -0.098103 0.994102 0.000000 0.000000 0.000000 0.000000 1.000000
0.998357 0.000031 -0.057294 -0.000000 0.005742 0.994912 0.100588 14.836500 0.057006 -0.100751 0.993277 0.000000 0.000000 0.000000 0.000000 1.000000
0.997898 0.001960 -0.064777 -0.000000 0.004646 0.994806 0.101679 14.836500 0.064640 -0.101766 0.992706 0.000000 0.000000 0.000000 0.000000 1.000000
0.997571 0.003367 -0.069573 -0.000000 0.003683 0.994885 0.100951 14.836500 0.069557 -0.100962 0.992456 0.000000 0.000000 0.000000 0.000000 1.000000
0.997265 0.004608 -0.073759 -0.000000 0.002784 0.995003 0.099808 14.836500 0.073851 -0.099740 0.992269 0.000000 0.000000 0.000000 0.000000 1.000000
0.997079 0.004941 -0.076211 -0.000000 0.002514 0.995241 0.097410 14.836500 0.076330 -0.097317 0.992322 0.000000 0.000000 0.000000 0.000000 1.000000
0.997200 0.002803 -0.074729 0.000000 0.004078 0.995772 0.091765 14.836500 0.074671 -0.091813 0.992973 -0.000000 0.000000 0.000000 0.000000 1.000000
0.997494 0.000237 -0.070756 0.000000 0.005802 0.996353 0.085134 14.836500 0.070518 -0.085331 0.993854 -0.000000 0.000000 0.000000 0.000000 1.000000
0.997883 0.001152 -0.065018 0.000000 0.004161 0.996663 0.081518 14.836500 0.064895 -0.081616 0.994549 0.000000 0.000000 0.000000 0.000000 1.000000
0.998330 0.002177 -0.057734 0.000000 0.002455 0.996788 0.080044 14.836500 0.057722 -0.080052 0.995118 0.000000 0.000000 0.000000 0.000000 1.000000
0.998794 0.002834 -0.049024 0.000000 0.000978 0.996987 0.077564 14.836500 0.049096 -0.077518 0.995781 0.000000 0.000000 0.000000 0.000000 1.000000
0.999236 0.004561 -0.038827 0.000000 -0.001589 0.997089 0.076236 14.836500 0.039062 -0.076116 0.996334 0.000000 0.000000 0.000000 0.000000 1.000000
0.999642 0.005275 -0.026236 0.000000 -0.003339 0.997304 0.073311 14.836500 0.026552 -0.073198 0.996964 0.000000 0.000000 0.000000 0.000000 1.000000
0.999896 0.005883 -0.013163 -0.000000 -0.004947 0.997531 0.070052 14.836500 0.013542 -0.069980 0.997456 0.000000 0.000000 0.000000 0.000000 1.000000
0.999977 0.006722 0.000445 -0.000000 -0.006737 0.997750 0.066705 14.836500 0.000004 -0.066707 0.997773 0.000000 0.000000 0.000000 0.000000 1.000000
0.999824 0.008501 0.016742 0.000000 -0.009542 0.997959 0.063143 14.836500 -0.016171 -0.063292 0.997864 0.000000 0.000000 0.000000 0.000000 1.000000
0.999373 0.010402 0.033840 0.000000 -0.012455 0.998059 0.061016 14.836500 -0.033140 -0.061399 0.997563 0.000000 0.000000 0.000000 0.000000 1.000000
0.998582 0.012804 0.051673 0.000000 -0.015921 0.998050 0.060363 14.836500 -0.050800 -0.061100 0.996838 0.000000 0.000000 0.000000 0.000000 1.000000</float_array>
        <technique_common>
          <accessor source="#mixamorig_Spine2-Matrix-animation-output-transform-array" count="42" stride="16">
            <param type="float4x4"/>
          </accessor>
        </technique_common>
      </source>
      <source id="mixamorig_Spine2-Interpolations">
        <Name_array id="mixamorig_Spine2-Interpolations-array" count="42">
 LINEAR LINEAR LINEAR LINEAR LINEAR LINEAR LINEAR LINEAR LINEAR LINEAR LINEAR
LINEAR LINEAR LINEAR LINEAR LINEAR LINEAR LINEAR LINEAR LINEAR LINEAR LINEAR LINEAR
LINEAR LINEAR LINEAR LINEAR LINEAR LINEAR LINEAR LINEAR LINEAR LINEAR LINEAR LINEAR
LINEAR LINEAR LINEAR LINEAR LINEAR LINEAR LINEAR</Name_array>
        <technique_common>
          <accessor source="#mixamorig_Spine2-Interpolations-array" count="42">
            <param type="name"/>
          </accessor>
        </technique_common>
      </source>
      <sampler id="mixamorig_Spine2-Matrix-animation-transform">
        <input semantic="INPUT" source="#mixamorig_Spine2-Matrix-animation-input"/>
        <input semantic="OUTPUT" source="#mixamorig_Spine2-Matrix-animation-output-transform"/>
        <input semantic="INTERPOLATION" source="#mixamorig_Spine2-Interpolations"/>
      </sampler>
      <channel source="#mixamorig_Spine2-Matrix-animation-transform" target="mixamorig_Spine2/matrix"/>
    </animation>
    <animation id="mixamorig_Neck-anim" name="mixamorig_Neck">
      <source id="mixamorig_Neck-Matrix-animation-input">
        <float_array id="mixamorig_Neck-Matrix-animation-input-array" count="42">

0.000000 0.033333 0.066667 0.100000 0.133333 0.166667 0.200000 0.233333 0.266667 0.300000 0.333333 0.366667 0.400000 0.433333 0.466667 0.500000
0.533333 0.566667 0.600000 0.633333 0.666667 0.700000 0.733333 0.766667 0.800000 0.833333 0.866667 0.900000 0.933333 0.966667 1.000000 1.033333
1.066667 1.100000 1.133333 1.166667 1.200000 1.233333 1.266667 1.300000 1.333333 1.366667</float_array>
        <technique_common>
          <accessor source="#mixamorig_Neck-Matrix-animation-input-array" count="42">
            <param name="TIME" type="float"/>
          </accessor>
        </technique_common>
      </source>
      <source id="mixamorig_Neck-Matrix-animation-output-transform">
        <float_array id="mixamorig_Neck-Matrix-animation-output-transform-array" count="672">

0.993663 -0.050923 -0.100204 -0.000000 0.063590 0.989788 0.127580 16.691000 0.092684 -0.133144 0.986753 0.000000 0.000000 0.000000 0.000000 1.000000
0.991982 -0.062572 -0.109803 0.000000 0.073717 0.992195 0.100568 16.691000 0.102653 -0.107856 0.988853 0.000000 0.000000 0.000000 0.000000 1.000000
0.990396 -0.072969 -0.117433 -0.000000 0.081651 0.994136 0.070903 16.691000 0.111571 -0.079810 0.990546 -0.000000 0.000000 0.000000 0.000000 1.000000
0.989182 -0.081698 -0.121838 0.000000 0.087510 0.995230 0.043128 16.691000 0.117733 -0.053323 0.991613 -0.000000 0.000000 0.000000 0.000000 1.000000
0.988004 -0.089158 -0.126094 0.000000 0.092100 0.995593 0.017687 16.691000 0.123961 -0.029088 0.991861 0.000000 0.000000 0.000000 0.000000 1.000000
0.987118 -0.095282 -0.128530 0.000000 0.095226 0.995434 -0.006594 16.691000 0.128571 -0.005731 0.991684 0.000000 0.000000 0.000000 0.000000 1.000000
0.986368 -0.100310 -0.130443 -0.000000 0.097359 0.994832 -0.028826 16.691000 0.132660 0.015733 0.991037 0.000000 0.000000 0.000000 0.000000 1.000000
0.985790 -0.102427 -0.133140 -0.000000 0.098362 0.994471 -0.036774 16.691000 0.136170 0.023156 0.990415 0.000000 0.000000 0.000000 0.000000 1.000000
0.986203 -0.096907 -0.134209 -0.000000 0.094955 0.995262 -0.020887 16.691000 0.135597 0.007855 0.990733 0.000000 0.000000 0.000000 0.000000 1.000000
0.988601 -0.073339 -0.131486 -0.000000 0.076988 0.996770 0.022879 16.691000 0.129384 -0.032741 0.991054 -0.000000 0.000000 0.000000 0.000000 1.000000
0.990457 -0.048545 -0.128989 -0.000000 0.060188 0.994304 0.087956 16.691000 0.123985 -0.094880 0.987738 0.000000 0.000000 0.000000 0.000000 1.000000
0.991516 -0.033254 -0.125660 0.000000 0.049128 0.990887 0.125420 16.691000 0.120344 -0.130529 0.984114 -0.000000 0.000000 0.000000 0.000000 1.000000
0.991770 -0.031196 -0.124175 -0.000000 0.047357 0.990460 0.129405 16.691000 0.118954 -0.134220 0.983786 0.000000 0.000000 0.000000 0.000000 1.000000
0.991318 -0.034846 -0.126782 0.000000 0.052004 0.989528 0.134648 16.691000 0.120762 -0.140072 0.982749 -0.000000 0.000000 0.000000 0.000000 1.000000
0.991714 -0.031776 -0.124471 0.000000 0.049394 0.988758 0.141128 16.691000 0.118587 -0.146106 0.982135 0.000000 0.000000 0.000000 0.000000 1.000000
0.992517 -0.028671 -0.118690 0.000000 0.045706 0.988610 0.143395 16.691000 0.113227 -0.147747 0.982523 0.000000 0.000000 0.000000 0.000000 1.000000
0.993587 -0.028280 -0.109475 0.000000 0.044164 0.988370 0.145516 16.691000 0.104087 -0.149417 0.983280 -0.000000 0.000000 0.000000 0.000000 1.000000
0.994129 -0.042823 -0.099365 0.000000 0.057084 0.987718 0.145445 16.691000 0.091916 -0.150263 0.984364 0.000000 0.000000 0.000000 0.000000 1.000000
0.994229 -0.059945 -0.088972 -0.000000 0.072477 0.986763 0.145072 16.691000 0.079098 -0.150683 0.985413 -0.000000 0.000000 0.000000 0.000000 1.000000
0.994343 -0.073533 -0.076644 0.000000 0.083852 0.986380 0.141506 16.691000 0.065195 -0.147132 0.986966 0.000000 0.000000 0.000000 0.000000 1.000000
0.995039 -0.079340 -0.060026 0.000000 0.086550 0.987858 0.129017 16.691000 0.049061 -0.133572 0.989824 0.000000 0.000000 0.000000 0.000000 1.000000
0.996300 -0.075998 -0.040124 0.000000 0.080094 0.990366 0.112960 16.691000 0.031153 -0.115756 0.992789 -0.000000 0.000000 0.000000 0.000000 1.000000
0.998665 -0.049160 -0.015861 -0.000000 0.050514 0.993607 0.100963 16.691000 0.010797 -0.101630 0.994764 0.000000 0.000000 0.000000 0.000000 1.000000
0.999805 -0.018411 0.007169 -0.000000 0.017722 0.996085 0.086609 16.691000 -0.008736 -0.086465 0.996217 -0.000000 0.000000 0.000000 0.000000 1.000000
0.999693 0.005807 0.024073 0.000000 -0.007640 0.997021 0.076748 16.691000 -0.023555 -0.076908 0.996760 -0.000000 0.000000 0.000000 0.000000 1.000000
0.998904 0.026962 0.038269 -0.000000 -0.029563 0.997171 0.069112 16.691000 -0.036298 -0.070167 0.996875 0.000000 0.000000 0.000000 0.000000 1.000000
0.998182 0.038642 0.046250 0.000000 -0.041834 0.996658 0.070167 16.691000 -0.043384 -0.071974 0.996463 0.000000 0.000000 0.000000 0.000000 1.000000
0.997829 0.043948 0.049051 0.000000 -0.048067 0.995116 0.086223 16.691000 -0.045022 -0.088393 0.995068 0.000000 0.000000 0.000000 0.000000 1.000000
