<?xml version="1.0" encoding="utf-8"?>
<COLLADA xmlns="http://www.collada.org/2005/11/COLLADASchema" version="1.4.1">
  <asset>
    <contributor>
      <author>Mixamo</author>
      <authoring_tool>COLLADA Mixamo exporter</authoring_tool>
      <comments/>
    </contributor>
    <created>2024-04-16T00:00:20Z</created>
    <modified>2024-04-16T00:00:20Z</modified>
    <revision/>
    <title/>
    <unit meter="0.010000"/>
    <up_axis>Y_UP</up_axis>
  </asset>
  <library_animations>
    <animation id="mixamorig_Hips-anim" name="mixamorig_Hips">
      <source id="mixamorig_Hips-Matrix-animation-input">
        <float_array id="mixamorig_Hips-Matrix-animation-input-array" count="32">

0.000000 0.033333 0.066667 0.100000 0.133333 0.166667 0.200000 0.233333 0.266667 0.300000 0.333333 0.366667 0.400000 0.433333 0.466667 0.500000
0.533333 0.566667 0.600000 0.633333 0.666667 0.700000 0.733333 0.766667 0.800000 0.833333 0.866667 0.900000 0.933333 0.966667 1.000000 1.033333</float_array>
        <technique_common>
          <accessor source="#mixamorig_Hips-Matrix-animation-input-array" count="32">
            <param name="TIME" type="float"/>
          </accessor>
        </technique_common>
      </source>
      <source id="mixamorig_Hips-Matrix-animation-output-transform">
        <float_array id="mixamorig_Hips-Matrix-animation-output-transform-array" count="512">

0.637583 -0.127873 -0.759695 -0.212448 0.041809 0.990418 -0.131620 88.967659 0.769246 0.052156 0.636820 0.427022 0.000000 0.000000 0.000000 1.000000
0.584446 -0.228084 -0.778717 -0.478643 0.050684 0.968069 -0.245505 88.642242 0.809848 0.104016 0.577345 1.326710 0.000000 0.000000 0.000000 1.000000
0.590830 -0.323124 -0.739263 -1.695469 0.087284 0.936517 -0.339583 88.352966 0.802060 0.136110 0.581527 2.881735 0.000000 0.000000 0.000000 1.000000
0.610409 -0.391091 -0.688802 -3.696535 0.126208 0.906517 -0.402862 88.395569 0.781967 0.158979 0.602705 4.448444 0.000000 0.000000 0.000000 1.000000
0.619930 -0.418056 -0.664015 -7.261877 0.141565 0.891952 -0.429396 88.335403 0.771781 0.172195 0.612130 5.805144 0.000000 0.000000 0.000000 1.000000
0.619140 -0.419558 -0.663804 -10.486528 0.127015 0.887682 -0.442592 88.190369 0.774940 0.189713 0.602890 6.585608 0.000000 0.000000 0.000000 1.000000
0.622263 -0.408219 -0.667942 -12.285013 0.142569 0.898092 -0.416058 87.621941 0.769716 0.163669 0.617049 6.225215 0.000000 0.000000 0.000000 1.000000
0.639925 -0.379837 -0.667997 -13.580481 0.180765 0.919307 -0.349569 87.185791 0.746873 0.102948 0.656949 5.715780 0.000000 0.000000 0.000000 1.000000
0.647934 -0.367345 -0.667262 -14.485175 0.207125 0.927983 -0.309753 86.851807 0.732994 0.062493 0.677358 5.260569 0.000000 0.000000 0.000000 1.000000
0.642574 -0.354963 -0.679044 -14.786533 0.207854 0.933742 -0.291414 86.679329 0.737493 0.046113 0.673779 4.802350 0.000000 0.000000 0.000000 1.000000
0.648482 -0.339537 -0.681311 -14.872299 0.211745 0.940149 -0.266989 86.769180 0.731187 0.028874 0.681566 4.540024 0.000000 0.000000 0.000000 1.000000
0.659317 -0.323360 -0.678778 -14.746931 0.216853 0.946211 -0.240124 87.002853 0.719913 0.011123 0.693975 4.392916 0.000000 0.000000 0.000000 1.000000
0.668777 -0.293295 -0.683166 -14.206118 0.207014 0.956019 -0.207781 87.412582 0.714061 -0.002466 0.700079 4.284698 0.000000 0.000000 0.000000 1.000000
0.686129 -0.253448 -0.681902 -13.457735 0.190194 0.967243 -0.168130 87.883942 0.702177 -0.014335 0.711858 4.195358 0.000000 0.000000 0.000000 1.000000
0.705121 -0.216336 -0.675280 -12.554157 0.175580 0.975935 -0.129316 88.304703 0.687005 -0.027383 0.726136 4.124419 0.000000 0.000000 0.000000 1.000000
0.723322 -0.183742 -0.665616 -11.541144 0.161968 0.982200 -0.095125 88.680283 0.671247 -0.039002 0.740207 4.163347 0.000000 0.000000 0.000000 1.000000
0.743706 -0.146136 -0.652338 -10.628065 0.145125 0.987836 -0.055843 89.110931 0.652564 -0.053140 0.755868 4.164828 0.000000 0.000000 0.000000 1.000000
0.766821 -0.116900 -0.631125 -9.778692 0.129665 0.991215 -0.026053 89.485161 0.628627 -0.061857 0.775243 4.378193 0.000000 0.000000 0.000000 1.000000
0.788926 -0.094614 -0.607161 -8.853928 0.114499 0.993405 -0.006027 89.791054 0.603727 -0.064764 0.794556 4.596356 0.000000 0.000000 0.000000 1.000000
0.800024 -0.077456 -0.594947 -7.920489 0.097753 0.995209 0.001882 90.045578 0.591951 -0.059664 0.803763 4.814633 0.000000 0.000000 0.000000 1.000000
0.798338 -0.063417 -0.598861 -7.051230 0.081636 0.996657 0.003286 90.271599 0.596650 -0.051511 0.800847 5.022860 0.000000 0.000000 0.000000 1.000000
0.789385 -0.048853 -0.611952 -6.195202 0.063742 0.997963 0.002554 90.366051 0.610580 -0.041023 0.790891 5.161772 0.000000 0.000000 0.000000 1.000000
0.774588 -0.035892 -0.631447 -5.335658 0.047208 0.998884 0.001132 90.337776 0.630702 -0.030686 0.775419 5.212272 0.000000 0.000000 0.000000 1.000000
0.753294 -0.029554 -0.657019 -4.535832 0.033904 0.999407 -0.006083 90.237007 0.656809 -0.017693 0.753849 5.189198 0.000000 0.000000 0.000000 1.000000
0.726589 -0.032430 -0.686306 -3.765586 0.026470 0.999465 -0.019204 90.019333 0.686562 -0.004213 0.727059 4.988318 0.000000 0.000000 0.000000 1.000000
0.696708 -0.039035 -0.716292 -3.039426 0.022248 0.999214 -0.032813 89.790886 0.717010 0.006925 0.697029 4.649781 0.000000 0.000000 0.000000 1.000000
0.667251 -0.049302 -0.743200 -2.378367 0.019778 0.998628 -0.048489 89.572433 0.744570 0.017655 0.667310 4.164963 0.000000 0.000000 0.000000 1.000000
0.645054 -0.065692 -0.761308 -1.761436 0.021928 0.997479 -0.067492 89.375565 0.763822 0.026842 0.644868 3.537660 0.000000 0.000000 0.000000 1.000000
0.632090 -0.084242 -0.770302 -1.225118 0.024971 0.995771 -0.088409 89.235916 0.774492 0.036648 0.631521 2.802255 0.000000 0.000000 0.000000 1.000000
0.628616 -0.101003 -0.771129 -0.779078 0.028874 0.993878 -0.106642 89.129379 0.777179 0.044772 0.627685 2.052683 0.000000 0.000000 0.000000 1.000000
0.632020 -0.116562 -0.766136 -0.423606 0.035465 0.991938 -0.121660 89.026169 0.774140 0.049721 0.631058 1.233483 0.000000 0.000000 0.000000 1.000000
0.637583 -0.127873 -0.759695 -0.212450 0.041809 0.990418 -0.131620 88.967651 0.769246 0.052156 0.636820 0.427033 0.000000 0.000000 0.000000 1.000000</float_array>
        <technique_common>
          <accessor source="#mixamorig_Hips-Matrix-animation-output-transform-array" count="32" stride="16">
            <param type="float4x4"/>
          </accessor>
        </technique_common>
      </source>
      <source id="mixamorig_Hips-Interpolations">
        <Name_array id="mixamorig_Hips-Interpolations-array" count="32">
 LINEAR LINEAR LINEAR LINEAR LINEAR LINEAR LINEAR LINEAR LINEAR LINEAR LINEAR
LINEAR LINEAR LINEAR LINEAR LINEAR LINEAR LINEAR LINEAR LINEAR LINEAR LINEAR LINEAR
LINEAR LINEAR LINEAR LINEAR LINEAR LINEAR LINEAR LINEAR LINEAR</Name_array>
        <technique_common>
          <accessor source="#mixamorig_Hips-Interpolations-array" count="32">
            <param type="name"/>
          </accessor>
        </technique_common>
      </source>
      <sampler id="mixamorig_Hips-Matrix-animation-transform">
        <input semantic="INPUT" source="#mixamorig_Hips-Matrix-animation-input"/>
        <input semantic="OUTPUT" source="#mixamorig_Hips-Matrix-animation-output-transform"/>
        <input semantic="INTERPOLATION" source="#mixamorig_Hips-Interpolations"/>
      </sampler>
      <channel source="#mixamorig_Hips-Matrix-animation-transform" target="mixamorig_Hips/matrix"/>
    </animation>
    <animation id="mixamorig_Spine-anim" name="mixamorig_Spine">
      <source id="mixamorig_Spine-Matrix-animation-input">
        <float_array id="mixamorig_Spine-Matrix-animation-input-array" count="32">

0.000000 0.033333 0.066667 0.100000 0.133333 0.166667 0.200000 0.233333 0.266667 0.300000 0.333333 0.366667 0.400000 0.433333 0.466667 0.500000
0.533333 0.566667 0.600000 0.633333 0.666667 0.700000 0.733333 0.766667 0.800000 0.833333 0.866667 0.900000 0.933333 0.966667 1.000000 1.033333</float_array>
        <technique_common>
          <accessor source="#mixamorig_Spine-Matrix-animation-input-array" count="32">
            <param name="TIME" type="float"/>
          </accessor>
        </technique_common>
      </source>
      <source id="mixamorig_Spine-Matrix-animation-output-transform">
        <float_array id="mixamorig_Spine-Matrix-animation-output-transform-array" count="512">

0.998157 0.038729 0.046718 0.000000 -0.026828 0.972171 -0.232730 11.116800 -0.054431 0.231048 0.971419 0.484300 0.000000 0.000000 0.000000 1.000000
0.998412 0.014800 0.054346 -0.000000 -0.010579 0.996964 -0.077144 11.116800 -0.055323 0.076446 0.995538 0.484300 0.000000 0.000000 0.000000 1.000000
0.999477 -0.007980 0.031326 0.000000 0.007432 0.999818 0.017572 11.116800 -0.031461 -0.017330 0.999355 0.484300 0.000000 0.000000 0.000000 1.000000
0.999484 -0.027368 -0.016820 0.000000 0.026477 0.998344 -0.051076 11.116800 0.018190 0.050604 0.998553 0.484300 0.000000 0.000000 0.000000 1.000000
0.996327 -0.049949 -0.069552 0.000000 0.035526 0.980160 -0.194997 11.116800 0.077912 0.191810 0.978335 0.484300 0.000000 0.000000 0.000000 1.000000
0.992156 -0.067120 -0.105455 0.000000 0.034230 0.957250 -0.287229 11.116800 0.120226 0.281367 0.952039 0.484300 0.000000 0.000000 0.000000 1.000000
0.990623 -0.064202 -0.120598 0.000000 0.022726 0.947843 -0.317925 11.116800 0.134720 0.312203 0.940415 0.484300 0.000000 0.000000 0.000000 1.000000
0.989976 -0.063322 -0.126243 -0.000000 0.015865 0.938059 -0.346111 11.116800 0.140340 0.340639 0.929661 0.484300 0.000000 0.000000 0.000000 1.000000
0.989492 -0.058237 -0.132339 0.000000 0.007000 0.933518 -0.358463 11.116800 0.144416 0.353770 0.924116 0.484300 0.000000 0.000000 0.000000 1.000000
0.989832 -0.056075 -0.130723 -0.000000 0.004880 0.931860 -0.362784 11.116800 0.142159 0.358458 0.922659 0.484300 0.000000 0.000000 0.000000 1.000000
0.990120 -0.063881 -0.124827 -0.000000 0.013342 0.929080 -0.369639 11.116800 0.139587 0.364321 0.920753 0.484300 0.000000 0.000000 0.000000 1.000000
0.990448 -0.068639 -0.119590 0.000000 0.019372 0.927963 -0.372168 11.116800 0.136520 0.366296 0.920429 0.484300 0.000000 0.000000 0.000000 1.000000
0.991128 -0.065047 -0.115905 0.000000 0.017657 0.928767 -0.370244 11.116800 0.131732 0.364912 0.921675 0.484300 0.000000 0.000000 0.000000 1.000000
0.991593 -0.061966 -0.113594 0.000000 0.016298 0.930696 -0.365429 11.116800 0.128365 0.360506 0.923882 0.484300 0.000000 0.000000 0.000000 1.000000
0.992164 -0.058096 -0.110617 0.000000 0.014674 0.933377 -0.358597 11.116800 0.124080 0.354164 0.926915 0.484300 0.000000 0.000000 0.000000 1.000000
0.993028 -0.055436 -0.104033 0.000000 0.015685 0.936811 -0.349485 11.116800 0.116833 0.345416 0.931149 0.484300 0.000000 0.000000 0.000000 1.000000
0.993737 -0.053243 -0.098247 0.000000 0.016362 0.939046 -0.343403 11.116800 0.110543 0.339645 0.934035 0.484300 0.000000 0.000000 0.000000 1.000000
0.994294 -0.055311 -0.091215 -0.000000 0.021492 0.941409 -0.336582 11.116800 0.104487 0.332701 0.937226 0.484300 0.000000 0.000000 0.000000 1.000000
0.995022 -0.055970 -0.082451 -0.000000 0.026015 0.944580 -0.327250 11.116800 0.096198 0.323476 0.941334 0.484300 0.000000 0.000000 0.000000 1.000000
0.995944 -0.054421 -0.071647 0.000000 0.028976 0.947908 -0.317222 11.116800 0.085178 0.313860 0.945641 0.484300 0.000000 0.000000 0.000000 1.000000
0.996978 -0.047929 -0.061144 -0.000000 0.026843 0.951067 -0.307817 11.116800 0.072906 0.305245 0.949479 0.484300 0.000000 0.000000 0.000000 1.000000
0.998036 -0.038909 -0.049092 0.000000 0.022516 0.954151 -0.298477 11.116800 0.058455 0.296786 0.953153 0.484300 0.000000 0.000000 0.000000 1.000000
0.998866 -0.029148 -0.037656 -0.000000 0.016988 0.956864 -0.290038 11.116800 0.044485 0.289070 0.956274 0.484300 0.000000 0.000000 0.000000 1.000000
0.999507 -0.019309 -0.024769 -0.000000 0.011585 0.959729 -0.280690 11.116800 0.029191 0.280265 0.959479 0.484300 0.000000 0.000000 0.000000 1.000000
0.999900 -0.008237 -0.011457 0.000000 0.004833 0.962745 -0.270368 11.116800 0.013257 0.270285 0.962689 0.484300 0.000000 0.000000 0.000000 1.000000
0.999993 0.002960 0.002240 0.000000 -0.002270 0.965102 -0.261865 11.116800 -0.002937 0.261858 0.965102 0.484300 0.000000 0.000000 0.000000 1.000000
0.999793 0.013044 0.015606 -0.000000 -0.008648 0.967079 -0.254329 11.116800 -0.018410 0.254141 0.966992 0.484300 0.000000 0.000000 0.000000 1.000000
0.999412 0.021966 0.026331 0.000000 -0.014783 0.968867 -0.247138 11.116800 -0.030940 0.246604 0.968622 0.484300 0.000000 0.000000 0.000000 1.000000
0.998982 0.028628 0.034868 -0.000000 -0.019409 0.970410 -0.240680 11.116800 -0.040726 0.239759 0.969978 0.484300 0.000000 0.000000 0.000000 1.000000
0.998559 0.033671 0.041791 0.000000 -0.022872 0.971438 -0.236189 11.116800 -0.048550 0.234893 0.970808 0.484300 0.000000 0.000000 0.000000 1.000000
0.998252 0.037290 0.045860 0.000000 -0.025569 0.971960 -0.233754 11.116800 -0.053290 0.232172 0.971214 0.484300 0.000000 0.000000 0.000000 1.000000
0.998157 0.038728 0.046718 0.000000 -0.026827 0.972171 -0.232730 11.116800 -0.054431 0.231048 0.971419 0.484300 0.000000 0.000000 0.000000 1.000000</float_array>
        <technique_common>
          <accessor source="#mixamorig_Spine-Matrix-animation-output-transform-array" count="32" stride="16">
            <param type="float4x4"/>
          </accessor>
        </technique_common>
      </source>
      <source id="mixamorig_Spine-Interpolations">
        <Name_array id="mixamorig_Spine-Interpolations-array" count="32">
 LINEAR LINEAR LINEAR LINEAR LINEAR LINEAR LINEAR LINEAR LINEAR LINEAR LINEAR
LINEAR LINEAR LINEAR LINEAR LINEAR LINEAR LINEAR LINEAR LINEAR LINEAR LINEAR LINEAR
LINEAR LINEAR LINEAR LINEAR LINEAR LINEAR LINEAR LINEAR LINEAR</Name_array>
        <technique_common>
          <accessor source="#mixamorig_Spine-Interpolations-array" count="32">
            <param type="name"/>
          </accessor>
        </technique_common>
      </source>
      <sampler id="mixamorig_Spine-Matrix-animation-transform">
        <input semantic="INPUT" source="#mixamorig_Spine-Matrix-animation-input"/>
        <input semantic="OUTPUT" source="#mixamorig_Spine-Matrix-animation-output-transform"/>
        <input semantic="INTERPOLATION" source="#mixamorig_Spine-Interpolations"/>
      </sampler>
      <channel source="#mixamorig_Spine-Matrix-animation-transform" target="mixamorig_Spine/matrix"/>
    </animation>
    <animation id="mixamorig_Spine1-anim" name="mixamorig_Spine1">
      <source id="mixamorig_Spine1-Matrix-animation-input">
        <float_array id="mixamorig_Spine1-Matrix-animation-input-array" count="32">

0.000000 0.033333 0.066667 0.100000 0.133333 0.166667 0.200000 0.233333 0.266667 0.300000 0.333333 0.366667 0.400000 0.433333 0.466667 0.500000
0.533333 0.566667 0.600000 0.633333 0.666667 0.700000 0.733333 0.766667 0.800000 0.833333 0.866667 0.900000 0.933333 0.966667 1.000000 1.033333</float_array>
        <technique_common>
          <accessor source="#mixamorig_Spine1-Matrix-animation-input-array" count="32">
            <param name="TIME" type="float"/>
          </accessor>
        </technique_common>
      </source>
      <source id="mixamorig_Spine1-Matrix-animation-output-transform">
        <float_array id="mixamorig_Spine1-Matrix-animation-output-transform-array" count="512">

0.992503 0.078511 0.093673 -0.000000 -0.068480 0.992018 -0.105879 12.981900 -0.101238 0.098670 0.989957 0.000000 0.000000 0.000000 0.000000 1.000000
0.992350 0.072382 0.100008 0.000000 -0.065994 0.995650 -0.065773 12.981900 -0.104333 0.058670 0.992810 -0.000000 0.000000 0.000000 0.000000 1.000000
0.995700 0.072170 0.058079 0.000000 -0.068831 0.995966 -0.057572 12.981900 -0.061999 0.053327 0.996651 0.000000 0.000000 0.000000 0.000000 1.000000
0.997639 0.062043 -0.029449 -0.000000 -0.064852 0.992181 -0.106639 12.981900 0.022602 0.108297 0.993862 0.000000 0.000000 0.000000 0.000000 1.000000
0.989445 0.035130 -0.140590 0.000000 -0.060841 0.981228 -0.183005 12.981900 0.131522 0.189627 0.973008 0.000000 0.000000 0.000000 0.000000 1.000000
0.976016 0.000727 -0.217697 0.000000 -0.061303 0.960446 -0.271635 12.981900 0.208889 0.278466 0.937455 0.000000 0.000000 0.000000 0.000000 1.000000
0.974650 0.002314 -0.223725 0.000000 -0.080105 0.937269 -0.339280 12.981900 0.208906 0.348600 0.913694 0.000000 0.000000 0.000000 0.000000 1.000000
0.981664 0.017445 -0.189822 -0.000000 -0.091515 0.916669 -0.389029 12.981900 0.167217 0.399267 0.901457 0.000000 0.000000 0.000000 0.000000 1.000000
0.984357 0.023349 -0.174630 -0.000000 -0.100587 0.888241 -0.448230 12.981900 0.144648 0.458783 0.876695 0.000000 0.000000 0.000000 0.000000 1.000000
0.987955 0.014856 -0.154026 0.000000 -0.090522 0.862778 -0.497413 12.981900 0.125501 0.505365 0.853731 -0.000000 0.000000 0.000000 0.000000 1.000000
0.990959 -0.000553 -0.134165 0.000000 -0.071031 0.846184 -0.528135 12.981900 0.113821 0.532890 0.838495 -0.000000 0.000000 0.000000 0.000000 1.000000
0.992810 -0.003796 -0.119641 -0.000000 -0.061350 0.842102 -0.535817 12.981900 0.102783 0.539304 0.835815 0.000000 0.000000 0.000000 0.000000 1.000000
0.994307 0.002904 -0.106516 0.000000 -0.059615 0.843698 -0.533498 12.981900 0.088318 0.536811 0.839067 0.000000 0.000000 0.000000 0.000000 1.000000
0.995114 0.007895 -0.098413 -0.000000 -0.058650 0.849124 -0.524927 12.981900 0.079420 0.528135 0.845438 0.000000 0.000000 0.000000 0.000000 1.000000
0.995716 0.015738 -0.091116 -0.000000 -0.060267 0.857806 -0.510428 12.981900 0.070127 0.513732 0.855080 0.000000 0.000000 0.000000 0.000000 1.000000
0.996457 0.024136 -0.080569 0.000000 -0.060579 0.870488 -0.488448 12.981900 0.058345 0.491598 0.868865 0.000000 0.000000 0.000000 0.000000 1.000000
0.996965 0.032085 -0.070934 0.000000 -0.061984 0.878425 -0.473843 12.981900 0.047107 0.476802 0.877748 0.000000 0.000000 0.000000 0.000000 1.000000
0.997499 0.031216 -0.063415 0.000000 -0.056804 0.887949 -0.456421 12.981900 0.042061 0.458881 0.887501 -0.000000 0.000000 0.000000 0.000000 1.000000
0.998077 0.029227 -0.054671 0.000000 -0.050071 0.900018 -0.432967 12.981900 0.036551 0.434872 0.899750 0.000000 0.000000 0.000000 0.000000 1.000000
0.998718 0.027128 -0.042729 0.000000 -0.042117 0.913621 -0.404379 12.981900 0.028068 0.405660 0.913593 0.000000 0.000000 0.000000 0.000000 1.000000
0.999126 0.029200 -0.029895 0.000000 -0.038268 0.926728 -0.373778 12.981900 0.016791 0.374596 0.927036 -0.000000 0.000000 0.000000 0.000000 1.000000
0.999365 0.032762 -0.014027 0.000000 -0.035585 0.938839 -0.342512 12.981900 0.001948 0.342794 0.939409 -0.000000 0.000000 0.000000 0.000000 1.000000
0.999334 0.036482 0.000298 0.000000 -0.034563 0.949306 -0.312447 12.981900 -0.011682 0.312229 0.949935 0.000000 0.000000 0.000000 0.000000 1.000000
0.999054 0.040264 0.016416 0.000000 -0.034084 0.959587 -0.279341 12.981900 -0.027000 0.278517 0.960052 -0.000000 0.000000 0.000000 0.000000 1.000000
0.998299 0.048109 0.032944 0.000000 -0.038716 0.969396 -0.242430 12.981900 -0.043599 0.240742 0.969609 0.000000 0.000000 0.000000 0.000000 1.000000
0.997118 0.056840 0.050256 -0.000000 -0.045102 0.976705 -0.209795 12.981900 -0.061010 0.206923 0.976453 0.000000 0.000000 0.000000 0.000000 1.000000
0.995660 0.064705 0.066886 -0.000000 -0.051717 0.982239 -0.180364 12.981900 -0.077369 0.176122 0.981323 0.000000 0.000000 0.000000 0.000000 1.000000
0.994305 0.071794 0.078756 0.000000 -0.059091 0.986428 -0.153192 12.981900 -0.088685 0.147666 0.985053 0.000000 0.000000 0.000000 0.000000 1.000000
0.993353 0.075168 0.087176 0.000000 -0.063451 0.989461 -0.130159 12.981900 -0.096041 0.123762 0.987653 0.000000 0.000000 0.000000 0.000000 1.000000
0.992615 0.077133 0.093623 0.000000 -0.066217 0.991206 -0.114571 12.981900 -0.101637 0.107525 0.988994 0.000000 0.000000 0.000000 0.000000 1.000000
0.992254 0.078978 0.095887 -0.000000 -0.068641 0.991919 -0.106698 12.981900 -0.103539 0.099290 0.989657 0.000000 0.000000 0.000000 0.000000 1.000000
0.992503 0.078511 0.093673 -0.000000 -0.068480 0.992018 -0.105879 12.981900 -0.101238 0.098670 0.989957 -0.000000 0.000000 0.000000 0.000000 1.000000</float_array>
        <technique_common>
          <accessor source="#mixamorig_Spine1-Matrix-animation-output-transform-array" count="32" stride="16">
            <param type="float4x4"/>
          </accessor>
        </technique_common>
      </source>
      <source id="mixamorig_Spine1-Interpolations">
        <Name_array id="mixamorig_Spine1-Interpolations-array" count="32">
 LINEAR LINEAR LINEAR LINEAR LINEAR LINEAR LINEAR LINEAR LINEAR LINEAR LINEAR
LINEAR LINEAR LINEAR LINEAR LINEAR LINEAR LINEAR LINEAR LINEAR LINEAR LINEAR LINEAR
LINEAR LINEAR LINEAR LINEAR LINEAR LINEAR LINEAR LINEAR LINEAR</Name_array>
        <technique_common>
          <accessor source="#mixamorig_Spine1-Interpolations-array" count="32">
            <param type="name"/>
          </accessor>
        </technique_common>
      </source>
      <sampler id="mixamorig_Spine1-Matrix-animation-transform">
        <input semantic="INPUT" source="#mixamorig_Spine1-Matrix-animation-input"/>
        <input semantic="OUTPUT" source="#mixamorig_Spine1-Matrix-animation-output-transform"/>
        <input semantic="INTERPOLATION" source="#mixamorig_Spine1-Interpolations"/>
      </sampler>
      <channel source="#mixamorig_Spine1-Matrix-animation-transform" target="mixamorig_Spine1/matrix"/>
    </animation>
    <animation id="mixamorig_Spine2-anim" name="mixamorig_Spine2">
      <source id="mixamorig_Spine2-Matrix-animation-input">
        <float_array id="mixamorig_Spine2-Matrix-animation-input-array" count="32">

0.000000 0.033333 0.066667 0.100000 0.133333 0.166667 0.200000 0.233333 0.266667 0.300000 0.333333 0.366667 0.400000 0.433333 0.466667 0.500000
0.533333 0.566667 0.600000 0.633333 0.666667 0.700000 0.733333 0.766667 0.800000 0.833333 0.866667 0.900000 0.933333 0.966667 1.000000 1.033333</float_array>
        <technique_common>
          <accessor source="#mixamorig_Spine2-Matrix-animation-input-array" count="32">
            <param name="TIME" type="float"/>
          </accessor>
        </technique_common>
      </source>
      <source id="mixamorig_Spine2-Matrix-animation-output-transform">
        <float_array id="mixamorig_Spine2-Matrix-animation-output-transform-array" count="512">

0.992503 0.057564 0.107819 -0.000000 -0.068440 0.992626 0.100050 14.836500 -0.101265 -0.106679 0.989123 -0.000000 0.000000 0.000000 0.000000 1.000000
0.992413 0.050238 0.112219 0.000000 -0.065781 0.988048 0.139406 14.836500 -0.103875 -0.145730 0.983856 0.000000 0.000000 0.000000 0.000000 1.000000
0.995911 0.054870 0.071763 -0.000000 -0.064807 0.987391 0.144429 14.836500 -0.062933 -0.148489 0.986909 0.000000 0.000000 0.000000 0.000000 1.000000
0.998459 0.052982 -0.016480 -0.000000 -0.051244 0.994409 0.092327 14.836500 0.021279 -0.091340 0.995592 0.000000 0.000000 0.000000 0.000000 1.000000
0.991118 0.029962 -0.129569 -0.000000 -0.028472 0.999506 0.013339 14.836500 0.129905 -0.009532 0.991481 0.000000 0.000000 0.000000 0.000000 1.000000
0.978685 -0.003850 -0.205333 -0.000000 -0.013196 0.996579 -0.081584 14.836500 0.204945 0.082555 0.975286 -0.000000 0.000000 0.000000 0.000000 1.000000
0.978195 0.006518 -0.207584 -0.000000 -0.039388 0.987190 -0.154613 14.836500 0.203917 0.159418 0.965921 0.000000 0.000000 0.000000 0.000000 1.000000
0.984186 0.034332 -0.173780 -0.000000 -0.070177 0.976336 -0.204556 14.836500 0.162645 0.213516 0.963306 -0.000000 0.000000 0.000000 0.000000 1.000000
0.985789 0.058168 -0.157598 0.000000 -0.099064 0.958949 -0.265713 14.836500 0.135673 0.277549 0.951083 0.000000 0.000000 0.000000 0.000000 1.000000
0.988885 0.061829 -0.135218 0.000000 -0.102559 0.942100 -0.319263 14.836500 0.107650 0.329582 0.937970 0.000000 0.000000 0.000000 0.000000 1.000000
0.991648 0.047317 -0.119978 0.000000 -0.087161 0.931546 -0.353022 14.836500 0.095061 0.360531 0.927890 0.000000 0.000000 0.000000 0.000000 1.000000
0.993261 0.041570 -0.108184 -0.000000 -0.078249 0.929121 -0.361401 14.836500 0.085493 0.367431 0.926113 0.000000 0.000000 0.000000 0.000000 1.000000
0.994680 0.047709 -0.091299 0.000000 -0.077603 0.929896 -0.359542 14.836500 0.067745 0.364715 0.928652 -0.000000 0.000000 0.000000 0.000000 1.000000
0.995449 0.051581 -0.080130 0.000000 -0.076595 0.933340 -0.350727 14.836500 0.056698 0.355268 0.933043 0.000000 0.000000 0.000000 0.000000 1.000000
0.995985 0.056611 -0.069347 0.000000 -0.076720 0.938953 -0.335383 14.836500 0.046127 0.339357 0.939526 0.000000 0.000000 0.000000 0.000000 1.000000
0.996756 0.058083 -0.055717 0.000000 -0.072643 0.947287 -0.312043 14.836500 0.034656 0.315078 0.948433 0.000000 0.000000 0.000000 0.000000 1.000000
0.997196 0.060574 -0.043949 -0.000000 -0.070917 0.952434 -0.296377 14.836500 0.023906 0.298663 0.954059 -0.000000 0.000000 0.000000 0.000000 1.000000
0.997855 0.053027 -0.038391 0.000000 -0.061627 0.958724 -0.277579 14.836500 0.022087 0.279350 0.959935 0.000000 0.000000 0.000000 0.000000 1.000000
0.998491 0.044521 -0.032152 -0.000000 -0.051202 0.966391 -0.251926 14.836500 0.019855 0.253192 0.967212 -0.000000 0.000000 0.000000 0.000000 1.000000
0.999102 0.035945 -0.022442 0.000000 -0.040016 0.974552 -0.220560 14.836500 0.013943 0.221260 0.975115 0.000000 0.000000 0.000000 0.000000 1.000000
0.999399 0.033212 -0.009962 -0.000000 -0.034489 0.981765 -0.186942 14.836500 0.003572 0.187174 0.982320 0.000000 0.000000 0.000000 0.000000 1.000000
0.999467 0.032095 0.005982 -0.000000 -0.030808 0.987808 -0.152601 14.836500 -0.010807 0.152336 0.988270 0.000000 0.000000 0.000000 0.000000 1.000000
0.999277 0.032420 0.019849 0.000000 -0.029824 0.992391 -0.119462 14.836500 -0.023571 0.118784 0.992640 0.000000 0.000000 0.000000 0.000000 1.000000
0.998858 0.032542 0.034983 -0.000000 -0.029535 0.996088 -0.083281 14.836500 -0.037556 0.082152 0.995912 0.000000 0.000000 0.000000 0.000000 1.000000
0.998020 0.036820 0.050993 0.000000 -0.034620 0.998459 -0.043371 14.836500 -0.052512 0.041520 0.997757 0.000000 0.000000 0.000000 0.000000 1.000000
0.996804 0.042240 0.067803 0.000000 -0.041773 0.999093 -0.008284 14.836500 -0.068092 0.005425 0.997664 0.000000 0.000000 0.000000 0.000000 1.000000
0.995376 0.047242 0.083638 0.000000 -0.049326 0.998518 0.023016 14.836500 -0.082426 -0.027035 0.996230 0.000000 0.000000 0.000000 0.000000 1.000000
0.994092 0.052760 0.094852 0.000000 -0.057823 0.997000 0.051447 14.836500 -0.091853 -0.056628 0.994161 0.000000 0.000000 0.000000 0.000000 1.000000
0.993205 0.055356 0.102372 -0.000000 -0.063216 0.995162 0.075203 14.836500 -0.097714 -0.081164 0.991899 0.000000 0.000000 0.000000 0.000000 1.000000
0.992525 0.056638 0.108100 -0.000000 -0.066628 0.993605 0.091159 14.836500 -0.102245 -0.097680 0.989952 -0.000000 0.000000 0.000000 0.000000 1.000000
0.992220 0.058125 0.110099 0.000000 -0.069158 0.992662 0.099196 14.836500 -0.103525 -0.106039 0.988958 0.000000 0.000000 0.000000 0.000000 1.000000
0.992503 0.057564 0.107820 0.000000 -0.068440 0.992626 0.100050 14.836500 -0.101265 -0.106679 0.989123 0.000000 0.000000 0.000000 0.000000 1.000000</float_array>
        <technique_common>
          <accessor source="#mixamorig_Spine2-Matrix-animation-output-transform-array" count="32" stride="16">
            <param type="float4x4"/>
          </accessor>
        </technique_common>
      </source>
      <source id="mixamorig_Spine2-Interpolations">
        <Name_array id="mixamorig_Spine2-Interpolations-array" count="32">
 LINEAR LINEAR LINEAR LINEAR LINEAR LINEAR LINEAR LINEAR LINEAR LINEAR LINEAR
LINEAR LINEAR LINEAR LINEAR LINEAR LINEAR LINEAR LINEAR LINEAR LINEAR LINEAR LINEAR
LINEAR LINEAR LINEAR LINEAR LINEAR LINEAR LINEAR LINEAR LINEAR</Name_array>
        <technique_common>
          <accessor source="#mixamorig_Spine2-Interpolations-array" count="32">
            <param type="name"/>
          </accessor>
        </technique_common>
      </source>
      <sampler id="mixamorig_Spine2-Matrix-animation-transform">
        <input semantic="INPUT" source="#mixamorig_Spine2-Matrix-animation-input"/>
        <input semantic="OUTPUT" source="#mixamorig_Spine2-Matrix-animation-output-transform"/>
        <input semantic="INTERPOLATION" source="#mixamorig_Spine2-Interpolations"/>
      </sampler>
      <channel source="#mixamorig_Spine2-Matrix-animation-transform" target="mixamorig_Spine2/matrix"/>
    </animation>
    <animation id="mixamorig_Neck-anim" name="mixamorig_Neck">
      <source id="mixamorig_Neck-Matrix-animation-input">
        <float_array id="mixamorig_Neck-Matrix-animation-input-array" count="32">

0.000000 0.033333 0.066667 0.100000 0.133333 0.166667 0.200000 0.233333 0.266667 0.300000 0.333333 0.366667 0.400000 0.433333 0.466667 0.500000
0.533333 0.566667 0.600000 0.633333 0.666667 0.700000 0.733333 0.766667 0.800000 0.833333 0.866667 0.900000 0.933333 0.966667 1.000000 1.033333</float_array>
        <technique_common>
          <accessor source="#mixamorig_Neck-Matrix-animation-input-array" count="32">
            <param name="TIME" type="float"/>
          </accessor>
        </technique_common>
      </source>
      <source id="mixamorig_Neck-Matrix-animation-output-transform">
        <float_array id="mixamorig_Neck-Matrix-animation-output-transform-array" count="512">

0.986666 0.004569 0.162695 0.000000 -0.005130 0.999982 0.003027 16.691000 -0.162678 -0.003822 0.986672 0.000000 0.000000 0.000000 0.000000 1.000000
0.996691 -0.030773 -0.075238 0.000000 0.040721 0.990079 0.134484 16.691000 0.070353 -0.137103 0.988055 0.000000 0.000000 0.000000 0.000000 1.000000
0.928341 -0.158328 -0.336325 0.000000 0.241078 0.945123 0.220509 16.691000 0.282955 -0.285788 0.915566 0.000000 0.000000 0.000000 0.000000 1.000000
0.907092 -0.182632 -0.379249 0.000000 0.307844 0.902306 0.301788 16.691000 0.287083 -0.390499 0.874697 -0.000000 0.000000 0.000000 0.000000 1.000000
0.957489 -0.155531 -0.242950 -0.000000 0.228758 0.922462 0.311021 16.691000 0.175739 -0.353376 0.918826 0.000000 0.000000 0.000000 0.000000 1.000000
0.985896 -0.100778 -0.133617 -0.000000 0.126341 0.971767 0.199268 16.691000 0.109763 -0.213339 0.970793 -0.000000 0.000000 0.000000 0.000000 1.000000
0.993676 -0.067864 -0.089454 0.000000 0.083875 0.978286 0.189527 16.691000 0.074649 -0.195832 0.977792 -0.000000 0.000000 0.000000 0.000000 1.000000
0.997975 0.017945 -0.061025 0.000000 -0.003083 0.971898 0.235384 16.691000 0.063534 -0.234719 0.969985 0.000000 0.000000 0.000000 0.000000 1.000000
0.999770 0.012529 0.017388 0.000000 -0.016937 0.959034 0.282785 16.691000 -0.013133 -0.283015 0.959026 0.000000 0.000000 0.000000 0.000000 1.000000
0.995355 0.006752 0.096037 -0.000000 -0.033719 0.958803 0.282063 16.691000 -0.090176 -0.283991 0.954577 0.000000 0.000000 0.000000 0.000000 1.000000
0.987620 -0.007200 0.156697 0.000000 -0.033405 0.966376 0.254953 16.691000 -0.153264 -0.257031 0.954173 0.000000 0.000000 0.000000 0.000000 1.000000
0.983520 -0.039937 0.176333 0.000000 0.002680 0.978411 0.206652 16.691000 -0.180779 -0.202774 0.962394 0.000000 0.000000 0.000000 0.000000 1.000000
0.983691 -0.099754 0.149668 -0.000000 0.073840 0.982730 0.169675 16.691000 -0.164009 -0.155856 0.974069 0.000000 0.000000 0.000000 0.000000 1.000000
0.981590 -0.165612 0.095151 0.000000 0.154511 0.981375 0.114149 16.691000 -0.112283 -0.097346 0.988897 -0.000000 0.000000 0.000000 0.000000 1.000000
0.973338 -0.226760 0.034536 0.000000 0.224960 0.973120 0.049301 16.691000 -0.044787 -0.040217 0.998187 0.000000 0.000000 0.000000 0.000000 1.000000
0.960529 -0.278072 -0.007708 -0.000000 0.278022 0.960549 -0.006993 16.691000 0.009349 0.004574 0.999946 0.000000 0.000000 0.000000 0.000000 1.000000
0.948461 -0.316804 0.007591 -0.000000 0.316887 0.948332 -0.015786 16.691000 -0.002198 0.017378 0.999847 0.000000 0.000000 0.000000 0.000000 1.000000
0.952093 -0.304385 0.029476 0.000000 0.303839 0.952478 0.021629 16.691000 -0.034659 -0.011637 0.999331 0.000000 0.000000 0.000000 0.000000 1.000000
0.961730 -0.270503 0.043637 0.000000 0.267648 0.961537 0.061727 16.691000 -0.058656 -0.047686 0.997139 0.000000 0.000000 0.000000 0.000000 1.000000
0.969662 -0.238612 0.053097 -0.000000 0.232273 0.967066 0.104083 16.691000 -0.076184 -0.088592 0.993150 0.000000 0.000000 0.000000 0.000000 1.000000
0.969522 -0.237914 0.058521 0.000000 0.226571 0.961519 0.155390 16.691000 -0.093238 -0.137395 0.986118 0.000000 0.000000 0.000000 0.000000 1.000000
0.966588 -0.250132 0.056051 0.000000 0.235409 0.952732 0.192054 16.691000 -0.101441 -0.172443 0.979782 0.000000 0.000000 0.000000 0.000000 1.000000
0.966314 -0.250292 0.059929 0.000000 0.232193 0.948273 0.216484 16.691000 -0.111013 -0.195277 0.974445 -0.000000 0.000000 0.000000 0.000000 1.000000
0.971839 -0.221859 0.079422 -0.000000 0.203870 0.960623 0.188789 16.691000 -0.118179 -0.167281 0.978801 0.000000 0.000000 0.000000 0.000000 1.000000
0.978668 -0.176807 0.104638 0.000000 0.162734 0.978002 0.130499 16.691000 -0.125409 -0.110687 0.985911 -0.000000 0.000000 0.000000 0.000000 1.000000
0.983530 -0.127223 0.128388 -0.000000 0.119507 0.990628 0.066146 16.691000 -0.135600 -0.049713 0.989516 -0.000000 0.000000 0.000000 0.000000 1.000000
0.987197 -0.069970 0.143339 0.000000 0.071429 0.997433 -0.005057 16.691000 -0.142617 0.015231 0.989661 0.000000 0.000000 0.000000 0.000000 1.000000
0.988287 -0.019407 0.151369 -0.000000 0.028844 0.997758 -0.060398 16.691000 -0.149858 0.064057 0.986630 0.000000 0.000000 0.000000 0.000000 1.000000
0.987787 0.009302 0.155534 0.000000 0.004917 0.995859 -0.090783 16.691000 -0.155734 0.090439 0.983650 -0.000000 0.000000 0.000000 0.000000 1.000000
0.987551 0.021662 0.155800 -0.000000 -0.007492 0.995826 -0.090965 16.691000 -0.157120 0.088665 0.983591 -0.000000 0.000000 0.000000 0.000000 1.000000
0.987426 0.014007 0.157459 0.000000 -0.007421 0.999076 -0.042340 16.691000 -0.157907 0.040639 0.986617 -0.000000 0.000000 0.000000 0.000000 1.000000
0.986666 0.004569 0.162694 -0.000000 -0.005130 0.999982 0.003027 16.691000 -0.162678 -0.003822 0.986672 0.000000 0.000000 0.000000 0.000000 1.000000</float_array>
        <technique_common>
          <accessor source="#mixamorig_Neck-Matrix-animation-output-transform-array" count="32" stride="16">
            <param type="float4x4"/>
          </accessor>
        </technique_common>
      </source>
      <source id="mixamorig_Neck-Interpolations">
        <Name_array id="mixamorig_Neck-Interpolations-array" count="32">
 LINEAR LINEAR LINEAR LINEAR LINEAR LINEAR LINEAR LINEAR LINEAR LINEAR LINEAR
LINEAR LINEAR LINEAR LINEAR LINEAR LINEAR LINEAR LINEAR LINEAR LINEAR LINEAR LINEAR
LINEAR LINEAR LINEAR LINEAR LINEAR LINEAR LINEAR LINEAR LINEAR</Name_array>
        <technique_common>
          <accessor source="#mixamorig_Neck-Interpolations-array" count="32">
            <param type="name"/>
          </accessor>
        </technique_common>
      </source>
      <sampler id="mixamorig_Neck-Matrix-animation-transform">
        <input semantic="INPUT" source="#mixamorig_Neck-Matrix-animation-input"/>
        <input semantic="OUTPUT" source="#mixamorig_Neck-Matrix-animation-output-transform"/>
        <input semantic="INTERPOLATION" source="#mixamorig_Neck-Interpolations"/>
      </sampler>
      <channel source="#mixamorig_Neck-Matrix-animation-transform" target="mixamorig_Neck/matrix"/>
    </animation>
    <animation id="mixamorig_Head-anim" name="mixamorig_Head">
      <source id="mixamorig_Head-Matrix-animation-input">
        <float_array id="mixamorig_Head-Matrix-animation-input-array" count="32">

0.000000 0.033333 0.066667 0.100000 0.133333 0.166667 0.200000 0.233333 0.266667 0.300000 0.333333 0.366667 0.400000 0.433333 0.466667 0.500000
0.533333 0.566667 0.600000 0.633333 0.666667 0.700000 0.733333 0.766667 0.800000 0.833333 0.866667 0.900000 0.933333 0.966667 1.000000 1.033333</float_array>
        <technique_common>
          <accessor source="#mixamorig_Head-Matrix-animation-input-array" count="32">
            <param name="TIME" type="float"/>
          </accessor>
        </technique_common>
      </source>
      <source id="mixamorig_Head-Matrix-animation-output-transform">
        <float_array id="mixamorig_Head-Matrix-animation-output-transform-array" count="512">

0.917659 0.056502 0.393331 0.000000 -0.089683 0.993749 0.066482 28.209101 -0.387116 -0.096283 0.916990 -5.408300 0.000000 0.000000 0.000000 1.000000
0.992087 0.010063 0.125149 -0.000000 -0.012249 0.999785 0.016705 28.209101 -0.124954 -0.018106 0.991997 -5.408300 0.000000 0.000000 0.000000 1.000000
0.985044 -0.051862 -0.164315 0.000000 0.044565 0.997863 -0.047791 28.209101 0.166442 0.039753 0.985250 -5.408300 0.000000 0.000000 0.000000 1.000000
0.955823 -0.151048 -0.252166 0.000000 0.134001 0.987452 -0.083564 28.209101 0.261624 0.046082 0.964069 -5.408300 0.000000 0.000000 0.000000 1.000000
0.961634 -0.201978 -0.185649 0.000000 0.211788 0.976710 0.034415 28.209101 0.174374 -0.072413 0.982013 -5.408300 0.000000 0.000000 0.000000 1.000000
0.953578 -0.243755 -0.176842 0.000000 0.284202 0.922619 0.260775 28.209101 0.099592 -0.298928 0.949064 -5.408300 0.000000 0.000000 0.000000 1.000000
0.959899 -0.228498 -0.162430 -0.000000 0.272275 0.897876 0.345955 28.209101 0.066792 -0.376307 0.924084 -5.408300 0.000000 0.000000 0.000000 1.000000
0.981586 -0.145447 -0.123830 0.000000 0.167051 0.968013 0.187200 28.209101 0.092641 -0.204439 0.974486 -5.408300 0.000000 0.000000 0.000000 1.000000
0.994675 -0.097946 -0.032056 0.000000 0.099222 0.994220 0.041000 28.209101 0.027855 -0.043963 0.998645 -5.408300 0.000000 0.000000 0.000000 1.000000
0.995671 -0.081407 0.044864 0.000000 0.083286 0.995651 -0.041737 28.209101 -0.041271 0.045293 0.998121 -5.408300 0.000000 0.000000 0.000000 1.000000
0.991829 -0.067001 0.108567 -0.000000 0.076745 0.993141 -0.088207 28.209101 -0.101913 0.095818 0.990168 -5.408300 0.000000 0.000000 0.000000 1.000000
0.987491 -0.033707 0.154032 0.000000 0.050741 0.992851 -0.108036 28.209101 -0.149290 0.114500 0.982142 -5.408300 0.000000 0.000000 0.000000 1.000000
0.987106 0.020889 0.158696 0.000000 0.001136 0.990509 -0.137446 28.209101 -0.160061 0.135854 0.977714 -5.408300 0.000000 0.000000 0.000000 1.000000
0.989380 0.080149 0.121255 0.000000 -0.061895 0.987130 -0.147459 28.209101 -0.131513 0.138388 0.981607 -5.408300 0.000000 0.000000 0.000000 1.000000
0.988029 0.135372 0.073982 0.000000 -0.123821 0.981931 -0.143105 28.209101 -0.092018 0.132231 0.986939 -5.408300 0.000000 0.000000 0.000000 1.000000
0.982820 0.181449 0.033778 0.000000 -0.175391 0.975173 -0.135190 28.209101 -0.057470 0.126944 0.990244 -5.408300 0.000000 0.000000 0.000000 1.000000
0.976756 0.212969 0.024332 0.000000 -0.207465 0.967802 -0.142540 28.209101 -0.053905 0.134179 0.989490 -5.408300 0.000000 0.000000 0.000000 1.000000
0.979966 0.198882 0.010617 -0.000000 -0.195618 0.971161 -0.136308 28.209101 -0.037420 0.131500 0.990610 -5.408300 0.000000 0.000000 0.000000 1.000000
0.985812 0.167539 -0.010291 0.000000 -0.167588 0.978948 -0.116514 28.209101 -0.009446 0.116585 0.993136 -5.408300 0.000000 0.000000 0.000000 1.000000
0.990005 0.139232 -0.022472 0.000000 -0.140790 0.985036 -0.099412 28.209101 0.008294 0.101583 0.994793 -5.408300 0.000000 0.000000 0.000000 1.000000
0.990562 0.137065 -0.000804 0.000000 -0.136368 0.984898 -0.106675 28.209101 -0.013830 0.105778 0.994294 -5.408300 0.000000 0.000000 0.000000 1.000000
0.986676 0.154628 0.050602 0.000000 -0.148227 0.982563 -0.112241 28.209101 -0.067075 0.103245 0.992392 -5.408300 0.000000 0.000000 0.000000 1.000000
0.978835 0.170978 0.112463 0.000000 -0.156744 0.979676 -0.125166 28.209101 -0.131578 0.104889 0.985741 -5.408300 0.000000 0.000000 0.000000 1.000000
0.970092 0.164611 0.178394 0.000000 -0.146757 0.983135 -0.109124 28.209101 -0.193348 0.079680 0.977889 -5.408300 0.000000 0.000000 0.000000 1.000000
0.960284 0.137934 0.242548 0.000000 -0.125600 0.989905 -0.065677 28.209101 -0.249158 0.032604 0.967914 -5.408300 0.000000 0.000000 0.000000 1.000000
0.948850 0.105474 0.297587 0.000000 -0.105299 0.994301 -0.016667 28.209101 -0.297649 -0.015521 0.954549 -5.408300 0.000000 0.000000 0.000000 1.000000
