<?xml version="1.0" encoding="utf-8"?>
<COLLADA xmlns="http://www.collada.org/2005/11/COLLADASchema" version="1.4.1">
  <asset>
    <contributor>
      <author>Mixamo</author>
      <authoring_tool>COLLADA Mixamo exporter</authoring_tool>
      <comments/>
    </contributor>
    <created>2024-04-15T23:59:23Z</created>
    <modified>2024-04-15T23:59:23Z</modified>
    <revision/>
    <title/>
    <unit meter="0.010000"/>
    <up_axis>Y_UP</up_axis>
  </asset>
  <library_animations>
    <animation id="mixamorig_Hips-anim" name="mixamorig_Hips">
      <source id="mixamorig_Hips-Matrix-animation-input">
        <float_array id="mixamorig_Hips-Matrix-animation-input-array" count="47">

0.000000 0.033333 0.066667 0.100000 0.133333 0.166667 0.200000 0.233333 0.266667 0.300000 0.333333 0.366667 0.400000 0.433333 0.466667 0.500000
0.533333 0.566667 0.600000 0.633333 0.666667 0.700000 0.733333 0.766667 0.800000 0.833333 0.866667 0.900000 0.933333 0.966667 1.000000 1.033333
1.066667 1.100000 1.133333 1.166667 1.200000 1.233333 1.266667 1.300000 1.333333 1.366667 1.400000 1.433333 1.466667 1.500000 1.533333</float_array>
        <technique_common>
          <accessor source="#mixamorig_Hips-Matrix-animation-input-array" count="47">
            <param name="TIME" type="float"/>
          </accessor>
        </technique_common>
      </source>
      <source id="mixamorig_Hips-Matrix-animation-output-transform">
        <float_array id="mixamorig_Hips-Matrix-animation-output-transform-array" count="752">

0.637583 -0.127873 -0.759695 -0.212470 0.041809 0.990418 -0.131620 88.967667 0.769246 0.052156 0.636820 0.427011 0.000000 0.000000 0.000000 1.000000
0.621867 -0.111908 -0.775086 -0.218416 0.051980 0.993453 -0.101732 89.276985 0.781396 0.022975 0.623612 0.813374 0.000000 0.000000 0.000000 1.000000
0.598461 -0.089668 -0.796118 -0.129009 0.063422 0.995901 -0.064494 89.659454 0.798637 -0.011894 0.601695 1.695601 0.000000 0.000000 0.000000 1.000000
0.550954 -0.063125 -0.832145 0.022988 0.084796 0.996209 -0.019428 90.085487 0.830216 -0.059858 0.554218 3.153977 0.000000 0.000000 0.000000 1.000000
0.496928 -0.038642 -0.866931 0.191423 0.107047 0.994108 0.017049 90.527298 0.861164 -0.101274 0.498136 5.090603 0.000000 0.000000 0.000000 1.000000
0.484029 -0.036922 -0.874273 0.237520 0.129465 0.991136 0.029819 90.975983 0.865422 -0.127621 0.484518 7.172594 0.000000 0.000000 0.000000 1.000000
0.530152 -0.050026 -0.846426 0.222758 0.153289 0.987464 0.037650 91.440536 0.833931 -0.149708 0.531174 9.087733 0.000000 0.000000 0.000000 1.000000
0.608687 -0.056964 -0.791363 0.278609 0.162178 0.985293 0.053819 91.964249 0.776658 -0.161100 0.608974 10.853493 0.000000 0.000000 0.000000 1.000000
0.707644 -0.067559 -0.703332 0.431016 0.147874 0.987535 0.053921 92.578308 0.690922 -0.142161 0.708813 12.650374 0.000000 0.000000 0.000000 1.000000
0.810557 -0.073470 -0.581033 0.831129 0.122078 0.991503 0.044930 93.347168 0.572794 -0.107350 0.812639 14.368703 0.000000 0.000000 0.000000 1.000000
0.904736 -0.070811 -0.420046 1.555649 0.088015 0.995883 0.021691 94.233482 0.416781 -0.056595 0.907244 15.760733 0.000000 0.000000 0.000000 1.000000
0.971428 -0.055497 -0.230755 2.576081 0.053191 0.998453 -0.016206 95.134392 0.231298 0.003469 0.972877 16.388721 0.000000 0.000000 0.000000 1.000000
0.998806 -0.023914 -0.042593 3.796774 0.020316 0.996343 -0.082991 95.838730 0.044422 0.082027 0.995640 16.023813 0.000000 0.000000 0.000000 1.000000
0.992470 0.017255 0.121264 4.895413 0.003147 0.986108 -0.166073 95.807480 -0.122445 0.165205 0.978629 14.706623 0.000000 0.000000 0.000000 1.000000
0.971519 0.062066 0.228691 5.499636 -0.013441 0.977969 -0.208319 94.616333 -0.236582 0.199312 0.950949 12.580526 0.000000 0.000000 0.000000 1.000000
0.947998 0.078456 0.308455 5.363258 -0.027939 0.985914 -0.164900 92.709579 -0.317048 0.147707 0.936837 10.042012 0.000000 0.000000 0.000000 1.000000
0.948444 0.045703 0.313632 4.377873 -0.005011 0.991587 -0.129342 91.264923 -0.316905 0.121102 0.940694 8.709552 0.000000 0.000000 0.000000 1.000000
0.978351 0.028086 0.205040 2.821973 0.000684 0.990304 -0.138912 90.862267 -0.206953 0.136045 0.968846 9.205711 0.000000 0.000000 0.000000 1.000000
0.976306 0.046304 0.211384 1.252724 -0.003617 0.980194 -0.198008 90.438652 -0.216366 0.192552 0.957136 10.886102 0.000000 0.000000 0.000000 1.000000
0.938854 0.066706 0.337792 0.054961 0.017557 0.970503 -0.240449 89.622009 -0.343868 0.231677 0.909989 12.215073 0.000000 0.000000 0.000000 1.000000
0.905351 0.085340 0.416000 -0.476808 0.039410 0.958488 -0.282397 88.975250 -0.422830 0.272063 0.864405 12.767385 0.000000 0.000000 0.000000 1.000000
0.875129 0.118460 0.469166 -0.692591 0.045165 0.945343 -0.322935 88.744049 -0.481778 0.303799 0.821947 13.041143 0.000000 0.000000 0.000000 1.000000
0.853345 0.150481 0.499157 -0.836070 0.041144 0.935014 -0.352217 88.667931 -0.519720 0.321100 0.791698 13.264399 0.000000 0.000000 0.000000 1.000000
0.851729 0.162392 0.498184 -0.770138 0.027100 0.935839 -0.351385 88.826569 -0.523282 0.312785 0.792680 13.092804 0.000000 0.000000 0.000000 1.000000
0.877518 0.154744 0.453890 -0.323218 -0.003508 0.948550 -0.316607 89.315857 -0.479530 0.276237 0.832913 12.274004 0.000000 0.000000 0.000000 1.000000
0.910029 0.139275 0.390449 0.338270 -0.030934 0.962061 -0.271075 89.934616 -0.413389 0.234608 0.879812 11.087533 0.000000 0.000000 0.000000 1.000000
0.946526 0.118977 0.299890 0.819918 -0.048512 0.971436 -0.232289 90.615036 -0.318961 0.205319 0.925261 10.026629 0.000000 0.000000 0.000000 1.000000
0.976812 0.103263 0.187550 0.972459 -0.067404 0.979778 -0.188395 91.316666 -0.203212 0.171385 0.964019 9.111362 0.000000 0.000000 0.000000 1.000000
0.993857 0.084836 0.071074 0.780077 -0.073684 0.986384 -0.147026 91.889191 -0.082579 0.140886 0.986576 8.131798 0.000000 0.000000 0.000000 1.000000
0.996697 0.067988 -0.044406 0.412635 -0.072651 0.990869 -0.113582 92.302559 0.036278 0.116433 0.992536 6.808256 0.000000 0.000000 0.000000 1.000000
0.985785 0.046734 -0.161382 -0.112455 -0.061272 0.994382 -0.086318 92.616959 0.156441 0.094980 0.983110 5.140190 0.000000 0.000000 0.000000 1.000000
0.961214 0.035648 -0.273489 -0.684182 -0.051700 0.997323 -0.051711 92.835197 0.270914 0.063845 0.960484 3.189091 0.000000 0.000000 0.000000 1.000000
0.925803 0.034731 -0.376407 -1.231691 -0.046355 0.998686 -0.021863 92.960182 0.375153 0.037689 0.926196 1.257329 0.000000 0.000000 0.000000 1.000000
0.880940 0.038909 -0.471626 -1.782310 -0.040913 0.999145 0.006009 93.033073 0.471456 0.014002 0.881778 -0.468326 0.000000 0.000000 0.000000 1.000000
0.833909 0.040034 -0.550447 -2.302388 -0.027033 0.999131 0.031711 93.064034 0.551239 -0.011564 0.834267 -1.833366 0.000000 0.000000 0.000000 1.000000
0.790764 0.031961 -0.611287 -2.698709 -0.007337 0.999059 0.042744 93.000191 0.612078 -0.029316 0.790254 -2.742927 0.000000 0.000000 0.000000 1.000000
0.752387 0.020123 -0.658414 -2.875432 0.015952 0.998684 0.048750 92.692749 0.658529 -0.047182 0.751075 -3.288864 0.000000 0.000000 0.000000 1.000000
0.717451 0.009267 -0.696547 -2.795037 0.033219 0.998319 0.047498 92.262680 0.695816 -0.057216 0.715937 -3.421264 0.000000 0.000000 0.000000 1.000000
0.684345 -0.009556 -0.729096 -2.557403 0.052311 0.997981 0.036020 91.746094 0.727280 -0.062790 0.683463 -3.210310 0.000000 0.000000 0.000000 1.000000
0.658646 -0.031214 -0.751805 -2.170266 0.066132 0.997674 0.016516 91.180107 0.749541 -0.060597 0.659178 -2.772264 0.000000 0.000000 0.000000 1.000000
0.647633 -0.055500 -0.759929 -1.658350 0.072618 0.997300 -0.010948 90.603188 0.758484 -0.048094 0.649914 -2.261362 0.000000 0.000000 0.000000 1.000000
0.646719 -0.078941 -0.758632 -1.069065 0.073853 0.996437 -0.040729 90.053337 0.759145 -0.029687 0.650245 -1.824159 0.000000 0.000000 0.000000 1.000000
0.649421 -0.096874 -0.754233 -0.518566 0.070665 0.995248 -0.066986 89.563034 0.757139 -0.009796 0.653181 -1.461698 0.000000 0.000000 0.000000 1.000000
0.648190 -0.113973 -0.752901 -0.173281 0.065080 0.993409 -0.094352 89.156364 0.758693 0.012159 0.651335 -1.031273 0.000000 0.000000 0.000000 1.000000
0.644414 -0.122131 -0.754861 -0.022317 0.058299 0.992137 -0.110751 88.876877 0.762451 0.027361 0.646467 -0.523699 0.000000 0.000000 0.000000 1.000000
0.640689 -0.125342 -0.757500 -0.055046 0.050268 0.991316 -0.121515 88.862610 0.766153 0.039775 0.641426 -0.005762 0.000000 0.000000 0.000000 1.000000
0.637583 -0.127873 -0.759695 -0.212473 0.041810 0.990418 -0.131620 88.967682 0.769246 0.052156 0.636820 0.427009 0.000000 0.000000 0.000000 1.000000</float_array>
        <technique_common>
          <accessor source="#mixamorig_Hips-Matrix-animation-output-transform-array" count="47" stride="16">
            <param type="float4x4"/>
          </accessor>
        </technique_common>
      </source>
      <source id="mixamorig_Hips-Interpolations">
        <Name_array id="mixamorig_Hips-Interpolations-array" count="47">
 LINEAR LINEAR LINEAR LINEAR LINEAR LINEAR LINEAR LINEAR LINEAR LINEAR LINEAR
LINEAR LINEAR LINEAR LINEAR LINEAR LINEAR LINEAR LINEAR LINEAR LINEAR LINEAR LINEAR
LINEAR LINEAR LINEAR LINEAR LINEAR LINEAR LINEAR LINEAR LINEAR LINEAR LINEAR LINEAR
LINEAR LINEAR LINEAR LINEAR LINEAR LINEAR LINEAR LINEAR LINEAR LINEAR LINEAR LINEAR</Name_array>
        <technique_common>
          <accessor source="#mixamorig_Hips-Interpolations-array" count="47">
            <param type="name"/>
          </accessor>
        </technique_common>
      </source>
      <sampler id="mixamorig_Hips-Matrix-animation-transform">
        <input semantic="INPUT" source="#mixamorig_Hips-Matrix-animation-input"/>
        <input semantic="OUTPUT" source="#mixamorig_Hips-Matrix-animation-output-transform"/>
        <input semantic="INTERPOLATION" source="#mixamorig_Hips-Interpolations"/>
      </sampler>
      <channel source="#mixamorig_Hips-Matrix-animation-transform" target="mixamorig_Hips/matrix"/>
    </animation>
    <animation id="mixamorig_Spine-anim" name="mixamorig_Spine">
      <source id="mixamorig_Spine-Matrix-animation-input">
        <float_array id="mixamorig_Spine-Matrix-animation-input-array" count="47">

0.000000 0.033333 0.066667 0.100000 0.133333 0.166667 0.200000 0.233333 0.266667 0.300000 0.333333 0.366667 0.400000 0.433333 0.466667 0.500000
0.533333 0.566667 0.600000 0.633333 0.666667 0.700000 0.733333 0.766667 0.800000 0.833333 0.866667 0.900000 0.933333 0.966667 1.000000 1.033333
1.066667 1.100000 1.133333 1.166667 1.200000 1.233333 1.266667 1.300000 1.333333 1.366667 1.400000 1.433333 1.466667 1.500000 1.533333</float_array>
        <technique_common>
          <accessor source="#mixamorig_Spine-Matrix-animation-input-array" count="47">
            <param name="TIME" type="float"/>
          </accessor>
        </technique_common>
      </source>
      <source id="mixamorig_Spine-Matrix-animation-output-transform">
        <float_array id="mixamorig_Spine-Matrix-animation-output-transform-array" count="752">

0.998157 0.038728 0.046718 0.000000 -0.026827 0.972172 -0.232728 11.116800 -0.054431 0.231046 0.971419 0.484300 0.000000 0.000000 0.000000 1.000000
0.998986 0.026670 0.036272 -0.000000 -0.017646 0.973143 -0.229524 11.116800 -0.041419 0.228651 0.972627 0.484300 0.000000 0.000000 0.000000 1.000000
0.999872 0.008265 0.013713 0.000000 -0.004947 0.974024 -0.226390 11.116800 -0.015228 0.226293 0.973940 0.484300 0.000000 0.000000 0.000000 1.000000
0.999772 -0.013008 -0.016953 0.000000 0.008902 0.974787 -0.222960 11.116800 0.019426 0.222758 0.974680 0.484300 0.000000 0.000000 0.000000 1.000000
0.998092 -0.035649 -0.050423 0.000000 0.023981 0.976208 -0.215504 11.116800 0.056906 0.213883 0.975200 0.484300 0.000000 0.000000 0.000000 1.000000
0.994865 -0.058086 -0.082879 0.000000 0.039883 0.977647 -0.206435 11.116800 0.093018 0.202070 0.974944 0.484300 0.000000 0.000000 0.000000 1.000000
0.991841 -0.070261 -0.106370 0.000000 0.048215 0.979177 -0.197201 11.116800 0.118010 0.190464 0.974575 0.484300 0.000000 0.000000 0.000000 1.000000
0.990528 -0.075662 -0.114585 0.000000 0.052989 0.980478 -0.189354 11.116800 0.126675 0.181488 0.975200 0.484300 0.000000 0.000000 0.000000 1.000000
0.990555 -0.076808 -0.113587 -0.000000 0.055513 0.982101 -0.179991 11.116800 0.125379 0.171985 0.977088 0.484300 0.000000 0.000000 0.000000 1.000000
0.991598 -0.072386 -0.107205 0.000000 0.053441 0.983979 -0.170089 11.116800 0.117800 0.162930 0.979580 0.484300 0.000000 0.000000 0.000000 1.000000
0.992906 -0.065227 -0.099415 0.000000 0.048826 0.986024 -0.159289 11.116800 0.108415 0.153305 0.982214 0.484300 0.000000 0.000000 0.000000 1.000000
0.995064 -0.053898 -0.083327 0.000000 0.040873 0.987721 -0.150789 11.116800 0.090431 0.146639 0.985048 0.484300 0.000000 0.000000 0.000000 1.000000
0.997522 -0.038904 -0.058620 -0.000000 0.029861 0.988546 -0.147938 11.116800 0.063704 0.145821 0.987258 0.484300 0.000000 0.000000 0.000000 1.000000
0.999105 -0.025236 -0.033956 -0.000000 0.019646 0.987576 -0.155910 11.116800 0.037469 0.155103 0.987187 0.484300 0.000000 0.000000 0.000000 1.000000
0.999843 -0.017686 0.000556 -0.000000 0.017489 0.982923 -0.183182 11.116800 0.002693 0.183163 0.983079 0.484300 0.000000 0.000000 0.000000 1.000000
0.999501 -0.023932 0.020640 -0.000000 0.027966 0.973964 -0.224972 11.116800 -0.014719 0.225437 0.974147 0.484300 0.000000 0.000000 0.000000 1.000000
0.999796 -0.013074 0.015383 0.000000 0.016528 0.967609 -0.251912 11.116800 -0.011591 0.252115 0.967628 0.484300 0.000000 0.000000 0.000000 1.000000
0.999149 0.022596 0.034495 -0.000000 -0.012248 0.961370 -0.274988 11.116800 -0.039376 0.274332 0.960829 0.484300 0.000000 0.000000 0.000000 1.000000
0.998113 0.032387 0.052161 -0.000000 -0.015772 0.956296 -0.291974 11.116800 -0.059337 0.290601 0.955003 0.484300 0.000000 0.000000 0.000000 1.000000
0.997425 0.022048 0.068244 0.000000 -0.000024 0.951673 -0.307113 11.116800 -0.071717 0.306320 0.949223 0.484300 0.000000 0.000000 0.000000 1.000000
0.997487 0.018871 0.068294 0.000000 0.003623 0.949034 -0.315154 11.116800 -0.070761 0.314609 0.946580 0.484300 0.000000 0.000000 0.000000 1.000000
0.997632 0.015388 0.067038 0.000000 0.007105 0.946382 -0.322971 11.116800 -0.068413 0.322682 0.944032 0.484300 0.000000 0.000000 0.000000 1.000000
0.997800 0.012695 0.065062 0.000000 0.009395 0.944500 -0.328378 11.116800 -0.065620 0.328267 0.942303 0.484300 0.000000 0.000000 0.000000 1.000000
0.997997 0.012067 0.062098 0.000000 0.009007 0.944537 -0.328283 11.116800 -0.062616 0.328184 0.942536 0.484300 0.000000 0.000000 0.000000 1.000000
0.998269 0.010522 0.057868 0.000000 0.008706 0.946595 -0.322308 11.116800 -0.058169 0.322254 0.944864 0.484300 0.000000 0.000000 0.000000 1.000000
0.998591 0.007367 0.052555 0.000000 0.009483 0.949603 -0.313313 11.116800 -0.052214 0.313370 0.948195 0.484300 0.000000 0.000000 0.000000 1.000000
0.998839 0.008619 0.047396 0.000000 0.006141 0.953061 -0.302717 11.116800 -0.047780 0.302656 0.951901 0.484300 0.000000 0.000000 0.000000 1.000000
0.999026 0.010712 0.042803 0.000000 0.002306 0.956077 -0.293107 11.116800 -0.044063 0.292920 0.955121 0.484300 0.000000 0.000000 0.000000 1.000000
0.999286 0.012069 0.035816 0.000000 -0.001448 0.959168 -0.282833 11.116800 -0.037767 0.282579 0.958500 0.484300 0.000000 0.000000 0.000000 1.000000
0.999527 0.011848 0.028372 0.000000 -0.003652 0.961984 -0.273081 11.116800 -0.030529 0.272848 0.961573 0.484300 0.000000 0.000000 0.000000 1.000000
0.999698 0.011292 0.021829 0.000000 -0.005093 0.964102 -0.265483 11.116800 -0.024043 0.265292 0.963868 0.484300 0.000000 0.000000 0.000000 1.000000
0.999843 0.007767 0.015943 0.000000 -0.003299 0.964756 -0.263127 11.116800 -0.017424 0.263033 0.964630 0.484300 0.000000 0.000000 0.000000 1.000000
0.999952 0.001583 0.009671 -0.000000 0.001005 0.965087 -0.261927 11.116800 -0.009748 0.261924 0.965039 0.484300 0.000000 0.000000 0.000000 1.000000
0.999980 -0.005447 0.003083 0.000000 0.006061 0.965557 -0.260120 11.116800 -0.001560 0.260133 0.965571 0.484300 0.000000 0.000000 0.000000 1.000000
0.999941 -0.010081 -0.003946 0.000000 0.008710 0.965645 -0.259718 11.116800 0.006428 0.259669 0.965676 0.484300 0.000000 0.000000 0.000000 1.000000
0.999827 -0.016106 -0.009285 0.000000 0.013172 0.966178 -0.257538 11.116800 0.013119 0.257371 0.966224 0.484300 0.000000 0.000000 0.000000 1.000000
0.999717 -0.017850 -0.015727 0.000000 0.013225 0.966510 -0.256288 11.116800 0.019775 0.256008 0.966472 0.484300 0.000000 0.000000 0.000000 1.000000
0.999683 -0.015752 -0.019641 0.000000 0.010208 0.966691 -0.255743 11.116800 0.023015 0.255461 0.966545 0.484300 0.000000 0.000000 0.000000 1.000000
0.999792 -0.009086 -0.018243 0.000000 0.004152 0.967149 -0.254176 11.116800 0.019953 0.254048 0.966986 0.484300 0.000000 0.000000 0.000000 1.000000
0.999915 -0.004445 -0.012258 0.000000 0.001224 0.967951 -0.251137 11.116800 0.012982 0.251101 0.967874 0.484300 0.000000 0.000000 0.000000 1.000000
0.999980 0.001108 -0.006296 -0.000000 -0.002632 0.968856 -0.247611 11.116800 0.005825 0.247622 0.968839 0.484300 0.000000 0.000000 0.000000 1.000000
0.999974 0.006879 0.001978 -0.000000 -0.006183 0.969427 -0.245303 11.116800 -0.003604 0.245284 0.969445 0.484300 0.000000 0.000000 0.000000 1.000000
0.999847 0.011954 0.012776 -0.000000 -0.008487 0.969901 -0.243350 11.116800 -0.015300 0.243204 0.969854 0.484300 0.000000 0.000000 0.000000 1.000000
0.999539 0.018601 0.024016 0.000000 -0.012285 0.970586 -0.240440 11.116800 -0.027782 0.240034 0.970367 0.484300 0.000000 0.000000 0.000000 1.000000
0.999083 0.026105 0.033924 0.000000 -0.017294 0.971120 -0.237962 11.116800 -0.039156 0.237157 0.970682 0.484300 0.000000 0.000000 0.000000 1.000000
0.998594 0.033168 0.041350 -0.000000 -0.022529 0.971661 -0.235303 11.116800 -0.047983 0.234041 0.971042 0.484300 0.000000 0.000000 0.000000 1.000000
0.998157 0.038729 0.046719 -0.000000 -0.026828 0.972171 -0.232730 11.116800 -0.054432 0.231047 0.971419 0.484300 0.000000 0.000000 0.000000 1.000000</float_array>
        <technique_common>
          <accessor source="#mixamorig_Spine-Matrix-animation-output-transform-array" count="47" stride="16">
            <param type="float4x4"/>
          </accessor>
        </technique_common>
      </source>
      <source id="mixamorig_Spine-Interpolations">
        <Name_array id="mixamorig_Spine-Interpolations-array" count="47">
 LINEAR LINEAR LINEAR LINEAR LINEAR LINEAR LINEAR LINEAR LINEAR LINEAR LINEAR
LINEAR LINEAR LINEAR LINEAR LINEAR LINEAR LINEAR LINEAR LINEAR LINEAR LINEAR LINEAR
LINEAR LINEAR LINEAR LINEAR LINEAR LINEAR LINEAR LINEAR LINEAR LINEAR LINEAR LINEAR
LINEAR LINEAR LINEAR LINEAR LINEAR LINEAR LINEAR LINEAR LINEAR LINEAR LINEAR LINEAR</Name_array>
        <technique_common>
          <accessor source="#mixamorig_Spine-Interpolations-array" count="47">
            <param type="name"/>
          </accessor>
        </technique_common>
      </source>
      <sampler id="mixamorig_Spine-Matrix-animation-transform">
        <input semantic="INPUT" source="#mixamorig_Spine-Matrix-animation-input"/>
        <input semantic="OUTPUT" source="#mixamorig_Spine-Matrix-animation-output-transform"/>
        <input semantic="INTERPOLATION" source="#mixamorig_Spine-Interpolations"/>
      </sampler>
      <channel source="#mixamorig_Spine-Matrix-animation-transform" target="mixamorig_Spine/matrix"/>
    </animation>
    <animation id="mixamorig_Spine1-anim" name="mixamorig_Spine1">
      <source id="mixamorig_Spine1-Matrix-animation-input">
        <float_array id="mixamorig_Spine1-Matrix-animation-input-array" count="47">

0.000000 0.033333 0.066667 0.100000 0.133333 0.166667 0.200000 0.233333 0.266667 0.300000 0.333333 0.366667 0.400000 0.433333 0.466667 0.500000
0.533333 0.566667 0.600000 0.633333 0.666667 0.700000 0.733333 0.766667 0.800000 0.833333 0.866667 0.900000 0.933333 0.966667 1.000000 1.033333
1.066667 1.100000 1.133333 1.166667 1.200000 1.233333 1.266667 1.300000 1.333333 1.366667 1.400000 1.433333 1.466667 1.500000 1.533333</float_array>
        <technique_common>
          <accessor source="#mixamorig_Spine1-Matrix-animation-input-array" count="47">
            <param name="TIME" type="float"/>
          </accessor>
        </technique_common>
      </source>
      <source id="mixamorig_Spine1-Matrix-animation-output-transform">
        <float_array id="mixamorig_Spine1-Matrix-animation-output-transform-array" count="752">

0.992503 0.078511 0.093673 0.000000 -0.068480 0.992018 -0.105878 12.981900 -0.101238 0.098670 0.989957 0.000000 0.000000 0.000000 0.000000 1.000000
0.993740 0.074329 0.083403 -0.000000 -0.065954 0.992896 -0.099031 12.981900 -0.090172 0.092910 0.991583 0.000000 0.000000 0.000000 0.000000 1.000000
0.996929 0.059657 0.050734 0.000000 -0.054839 0.994287 -0.091580 12.981900 -0.055908 0.088517 0.994504 0.000000 0.000000 0.000000 0.000000 1.000000
0.999198 0.039989 0.002253 0.000000 -0.039661 0.995714 -0.083553 12.981900 -0.005584 0.083397 0.996501 0.000000 0.000000 0.000000 0.000000 1.000000
0.998488 0.016897 -0.052300 0.000000 -0.020430 0.997491 -0.067783 12.981900 0.051024 0.068749 0.996328 0.000000 0.000000 0.000000 0.000000 1.000000
0.994345 -0.008033 -0.105893 0.000000 0.002806 0.998774 -0.049423 12.981900 0.106160 0.048846 0.993149 0.000000 0.000000 0.000000 0.000000 1.000000
0.989481 -0.016016 -0.143776 0.000000 0.011670 0.999450 -0.031026 12.981900 0.144194 0.029021 0.989124 -0.000000 0.000000 0.000000 0.000000 1.000000
0.987886 -0.015767 -0.154380 0.000000 0.013629 0.999796 -0.014899 12.981900 0.154583 0.012614 0.987899 0.000000 0.000000 0.000000 0.000000 1.000000
0.988493 -0.014833 -0.150539 0.000000 0.015671 0.999868 0.004382 12.981900 0.150454 -0.006690 0.988594 -0.000000 0.000000 0.000000 0.000000 1.000000
0.990488 -0.006261 -0.137458 -0.000000 0.009764 0.999644 0.024825 12.981900 0.137254 -0.025931 0.990196 -0.000000 0.000000 0.000000 0.000000 1.000000
0.992579 0.008036 -0.121336 -0.000000 -0.002333 0.998889 0.047065 12.981900 0.121579 -0.046433 0.991495 0.000000 0.000000 0.000000 0.000000 1.000000
0.995621 0.030625 -0.088319 0.000000 -0.024941 0.997590 0.064752 12.981900 0.090089 -0.062266 0.993985 -0.000000 0.000000 0.000000 0.000000 1.000000
0.997483 0.059878 -0.037988 0.000000 -0.057098 0.995879 0.070464 12.981900 0.042051 -0.068118 0.996791 0.000000 0.000000 0.000000 0.000000 1.000000
0.996170 0.086655 0.011665 0.000000 -0.087157 0.994764 0.053370 12.981900 -0.006979 -0.054183 0.998507 0.000000 0.000000 0.000000 0.000000 1.000000
0.991506 0.102525 0.080029 -0.000000 -0.102576 0.994719 -0.003493 12.981900 -0.079965 -0.004746 0.996786 -0.000000 0.000000 0.000000 0.000000 1.000000
0.988547 0.092256 0.119432 -0.000000 -0.081987 0.992721 -0.088220 12.981900 -0.126701 0.077418 0.988915 -0.000000 0.000000 0.000000 0.000000 1.000000
0.987490 0.115088 0.107784 0.000000 -0.098983 0.984554 -0.144413 12.981900 -0.122739 0.131937 0.983630 0.000000 0.000000 0.000000 0.000000 1.000000
0.971906 0.187731 0.141971 0.000000 -0.158124 0.967576 -0.196959 12.981900 -0.174344 0.168977 0.970078 -0.000000 0.000000 0.000000 0.000000 1.000000
0.962496 0.208037 0.174131 0.000000 -0.164850 0.958248 -0.233635 12.981900 -0.215465 0.196168 0.956605 -0.000000 0.000000 0.000000 0.000000 1.000000
0.960397 0.189074 0.204667 0.000000 -0.132156 0.955757 -0.262799 12.981900 -0.245301 0.225344 0.942893 0.000000 0.000000 0.000000 0.000000 1.000000
0.961772 0.182483 0.204190 -0.000000 -0.121734 0.952801 -0.278121 12.981900 -0.245305 0.242632 0.938592 0.000000 0.000000 0.000000 0.000000 1.000000
0.963656 0.175392 0.201504 -0.000000 -0.111573 0.949591 -0.292964 12.981900 -0.242731 0.259835 0.934649 0.000000 0.000000 0.000000 0.000000 1.000000
0.965425 0.170010 0.197616 0.000000 -0.104734 0.947159 -0.303183 12.981900 -0.238718 0.272003 0.932217 0.000000 0.000000 0.000000 0.000000 1.000000
0.966824 0.168553 0.191939 -0.000000 -0.105024 0.947247 -0.302809 12.981900 -0.232853 0.272605 0.933523 -0.000000 0.000000 0.000000 0.000000 1.000000
0.968905 0.164748 0.184609 0.000000 -0.106330 0.950930 -0.290562 12.981900 -0.223420 0.261897 0.938879 0.000000 0.000000 0.000000 0.000000 1.000000
0.971822 0.157210 0.175634 0.000000 -0.105593 0.956514 -0.271903 12.981900 -0.210742 0.245696 0.946161 0.000000 0.000000 0.000000 0.000000 1.000000
0.973249 0.158345 0.166474 -0.000000 -0.113537 0.961390 -0.250677 12.981900 -0.199740 0.225070 0.953649 -0.000000 0.000000 0.000000 0.000000 1.000000
0.974133 0.161312 0.158248 -0.000000 -0.122216 0.965130 -0.231491 12.981900 -0.190072 0.206163 0.959880 -0.000000 0.000000 0.000000 0.000000 1.000000
0.975895 0.162905 0.145226 -0.000000 -0.130365 0.968815 -0.210717 12.981900 -0.175024 0.186706 0.966699 0.000000 0.000000 0.000000 0.000000 1.000000
0.978047 0.161902 0.131197 0.000000 -0.135361 0.972266 -0.190727 12.981900 -0.158437 0.168781 0.972836 0.000000 0.000000 0.000000 0.000000 1.000000
0.979865 0.160659 0.118548 0.000000 -0.138641 0.974748 -0.175056 12.981900 -0.143679 0.155096 0.977395 -0.000000 0.000000 0.000000 0.000000 1.000000
0.982168 0.154603 0.106974 -0.000000 -0.135175 0.976179 -0.169715 12.981900 -0.130664 0.152228 0.979670 0.000000 0.000000 0.000000 0.000000 1.000000
0.985200 0.142865 0.094714 0.000000 -0.125828 0.978003 -0.166363 12.981900 -0.116398 0.151983 0.981505 -0.000000 0.000000 0.000000 0.000000 1.000000
0.988294 0.128802 0.081763 -0.000000 -0.114371 0.980194 -0.161675 12.981900 -0.100967 0.150431 0.983451 0.000000 0.000000 0.000000 0.000000 1.000000
0.990756 0.118063 0.066814 0.000000 -0.106144 0.981368 -0.160155 12.981900 -0.084478 0.151583 0.984828 -0.000000 0.000000 0.000000 0.000000 1.000000
0.993387 0.101401 0.053848 -0.000000 -0.092008 0.983634 -0.154914 12.981900 -0.068675 0.148935 0.986459 0.000000 0.000000 0.000000 0.000000 1.000000
0.995203 0.090470 0.037233 -0.000000 -0.083838 0.984814 -0.152027 12.981900 -0.050422 0.148176 0.987675 0.000000 0.000000 0.000000 0.000000 1.000000
0.996040 0.085435 0.024603 0.000000 -0.080780 0.985238 -0.150935 12.981900 -0.037135 0.148350 0.988238 0.000000 0.000000 0.000000 0.000000 1.000000
0.995800 0.088946 0.021701 -0.000000 -0.084783 0.985328 -0.148122 12.981900 -0.034557 0.145660 0.988731 0.000000 0.000000 0.000000 0.000000 1.000000
0.995795 0.087393 0.027481 0.000000 -0.082645 0.986390 -0.142143 12.981900 -0.039530 0.139274 0.989465 0.000000 0.000000 0.000000 0.000000 1.000000
0.995723 0.086421 0.032672 0.000000 -0.081269 0.987479 -0.135207 12.981900 -0.043947 0.131973 0.990279 0.000000 0.000000 0.000000 0.000000 1.000000
0.995502 0.084862 0.042109 0.000000 -0.078716 0.988285 -0.130755 12.981900 -0.052712 0.126852 0.990520 0.000000 0.000000 0.000000 0.000000 1.000000
0.995103 0.081225 0.056320 0.000000 -0.073557 0.989179 -0.126941 12.981900 -0.066022 0.122177 0.990310 -0.000000 0.000000 0.000000 0.000000 1.000000
0.994227 0.080358 0.071100 0.000000 -0.071348 0.990052 -0.121268 12.981900 -0.080138 0.115495 0.990070 0.000000 0.000000 0.000000 0.000000 1.000000
0.993236 0.081108 0.083089 -0.000000 -0.071150 0.990639 -0.116503 12.981900 -0.091760 0.109803 0.989709 0.000000 0.000000 0.000000 0.000000 1.000000
0.992611 0.081116 0.090241 0.000000 -0.070893 0.991263 -0.111231 12.981900 -0.098475 0.104012 0.989689 -0.000000 0.000000 0.000000 0.000000 1.000000
0.992497 0.078620 0.093641 0.000000 -0.068591 0.992009 -0.105889 12.981900 -0.101218 0.098672 0.989959 -0.000000 0.000000 0.000000 0.000000 1.000000</float_array>
        <technique_common>
          <accessor source="#mixamorig_Spine1-Matrix-animation-output-transform-array" count="47" stride="16">
            <param type="float4x4"/>
          </accessor>
        </technique_common>
      </source>
      <source id="mixamorig_Spine1-Interpolations">
        <Name_array id="mixamorig_Spine1-Interpolations-array" count="47">
 LINEAR LINEAR LINEAR LINEAR LINEAR LINEAR LINEAR LINEAR LINEAR LINEAR LINEAR
LINEAR LINEAR LINEAR LINEAR LINEAR LINEAR LINEAR LINEAR LINEAR LINEAR LINEAR LINEAR
LINEAR LINEAR LINEAR LINEAR LINEAR LINEAR LINEAR LINEAR LINEAR LINEAR LINEAR LINEAR
LINEAR LINEAR LINEAR LINEAR LINEAR LINEAR LINEAR LINEAR LINEAR LINEAR LINEAR LINEAR</Name_array>
        <technique_common>
          <accessor source="#mixamorig_Spine1-Interpolations-array" count="47">
            <param type="name"/>
          </accessor>
        </technique_common>
      </source>
      <sampler id="mixamorig_Spine1-Matrix-animation-transform">
        <input semantic="INPUT" source="#mixamorig_Spine1-Matrix-animation-input"/>
        <input semantic="OUTPUT" source="#mixamorig_Spine1-Matrix-animation-output-transform"/>
        <input semantic="INTERPOLATION" source="#mixamorig_Spine1-Interpolations"/>
      </sampler>
      <channel source="#mixamorig_Spine1-Matrix-animation-transform" target="mixamorig_Spine1/matrix"/>
    </animation>
    <animation id="mixamorig_Spine2-anim" name="mixamorig_Spine2">
      <source id="mixamorig_Spine2-Matrix-animation-input">
        <float_array id="mixamorig_Spine2-Matrix-animation-input-array" count="47">

0.000000 0.033333 0.066667 0.100000 0.133333 0.166667 0.200000 0.233333 0.266667 0.300000 0.333333 0.366667 0.400000 0.433333 0.466667 0.500000
0.533333 0.566667 0.600000 0.633333 0.666667 0.700000 0.733333 0.766667 0.800000 0.833333 0.866667 0.900000 0.933333 0.966667 1.000000 1.033333
1.066667 1.100000 1.133333 1.166667 1.200000 1.233333 1.266667 1.300000 1.333333 1.366667 1.400000 1.433333 1.466667 1.500000 1.533333</float_array>
        <technique_common>
          <accessor source="#mixamorig_Spine2-Matrix-animation-input-array" count="47">
            <param name="TIME" type="float"/>
          </accessor>
        </technique_common>
      </source>
      <source id="mixamorig_Spine2-Matrix-animation-output-transform">
        <float_array id="mixamorig_Spine2-Matrix-animation-output-transform-array" count="752">

0.992503 0.057564 0.107819 -0.000000 -0.068440 0.992626 0.100050 14.836500 -0.101265 -0.106679 0.989123 0.000000 0.000000 0.000000 0.000000 1.000000
0.993791 0.051787 0.098473 -0.000000 -0.062097 0.992563 0.104700 14.836500 -0.092319 -0.110165 0.989617 0.000000 0.000000 0.000000 0.000000 1.000000
0.997072 0.039742 0.065336 -0.000000 -0.046768 0.992854 0.109788 14.836500 -0.060505 -0.112522 0.991805 0.000000 0.000000 0.000000 0.000000 1.000000
0.999548 0.025541 0.015871 0.000000 -0.027205 0.992942 0.115438 14.836500 -0.012811 -0.115817 0.993188 0.000000 0.000000 0.000000 0.000000 1.000000
0.999150 0.009083 -0.040214 0.000000 -0.003825 0.991643 0.128958 14.836500 0.041049 -0.128695 0.990834 -0.000000 0.000000 0.000000 0.000000 1.000000
0.995351 -0.009048 -0.095883 0.000000 0.022991 0.989116 0.145333 14.836500 0.093525 -0.146861 0.984726 0.000000 0.000000 0.000000 0.000000 1.000000
0.991006 -0.012862 -0.133200 0.000000 0.034574 0.986185 0.162002 14.836500 0.129277 -0.165151 0.977759 0.000000 0.000000 0.000000 0.000000 1.000000
0.989690 -0.012711 -0.142664 0.000000 0.038136 0.983485 0.176927 14.836500 0.138059 -0.180544 0.973829 -0.000000 0.000000 0.000000 0.000000 1.000000
0.990281 -0.013131 -0.138462 0.000000 0.040345 0.979849 0.195625 14.836500 0.133103 -0.199310 0.970855 0.000000 0.000000 0.000000 0.000000 1.000000
0.992261 -0.007276 -0.123959 0.000000 0.034087 0.975892 0.215574 14.836500 0.119402 -0.218131 0.968588 0.000000 0.000000 0.000000 0.000000 1.000000
0.994426 0.003612 -0.105372 -0.000000 0.021597 0.971243 0.237108 14.836500 0.103198 -0.238063 0.965752 -0.000000 0.000000 0.000000 0.000000 1.000000
0.997456 0.019381 -0.068605 0.000000 -0.001327 0.967219 0.253941 14.836500 0.071278 -0.253204 0.964784 -0.000000 0.000000 0.000000 0.000000 1.000000
0.999170 0.038411 -0.013584 -0.000000 -0.033591 0.965340 0.258825 14.836500 0.023055 -0.258153 0.965829 -0.000000 0.000000 0.000000 0.000000 1.000000
0.997662 0.055229 0.040259 0.000000 -0.063349 0.968340 0.241465 14.836500 -0.025648 -0.243451 0.969574 0.000000 0.000000 0.000000 0.000000 1.000000
0.992209 0.057862 0.110335 0.000000 -0.077748 0.979571 0.185459 14.836500 -0.097350 -0.192593 0.976438 0.000000 0.000000 0.000000 0.000000 1.000000
0.988314 0.040336 0.147001 0.000000 -0.055733 0.993204 0.102173 14.836500 -0.141881 -0.109172 0.983845 -0.000000 0.000000 0.000000 0.000000 1.000000
0.988026 0.064994 0.139930 0.000000 -0.071952 0.996381 0.045251 14.836500 -0.136483 -0.054777 0.989127 0.000000 0.000000 0.000000 0.000000 1.000000
0.973659 0.130166 0.187205 0.000000 -0.130557 0.991387 -0.010293 14.836500 -0.186933 -0.014419 0.982267 0.000000 0.000000 0.000000 0.000000 1.000000
0.964200 0.144202 0.222541 -0.000000 -0.136860 0.989419 -0.048154 14.836500 -0.227130 0.015973 0.973733 -0.000000 0.000000 0.000000 0.000000 1.000000
0.961102 0.119818 0.248851 0.000000 -0.103727 0.991633 -0.076848 14.836500 -0.255977 0.048046 0.965488 0.000000 0.000000 0.000000 0.000000 1.000000
0.962322 0.113404 0.247137 0.000000 -0.093117 0.991366 -0.092323 14.836500 -0.255473 0.065831 0.964572 -0.000000 0.000000 0.000000 0.000000 1.000000
0.964075 0.106909 0.243167 0.000000 -0.082784 0.990765 -0.107381 14.836500 -0.252401 0.083393 0.964022 0.000000 0.000000 0.000000 0.000000 1.000000
0.965776 0.102322 0.238341 0.000000 -0.075834 0.990139 -0.117791 14.836500 -0.248043 0.095685 0.964012 0.000000 0.000000 0.000000 0.000000 1.000000
0.967238 0.101938 0.232508 0.000000 -0.076130 0.990161 -0.117411 14.836500 -0.242189 0.095864 0.965482 0.000000 0.000000 0.000000 0.000000 1.000000
0.969350 0.099549 0.224612 0.000000 -0.077560 0.991474 -0.104704 14.836500 -0.233120 0.084074 0.968807 0.000000 0.000000 0.000000 0.000000 1.000000
0.972234 0.093787 0.214394 -0.000000 -0.077012 0.993373 -0.085315 14.836500 -0.220975 0.066435 0.973014 0.000000 0.000000 0.000000 0.000000 1.000000
0.973847 0.096612 0.205640 0.000000 -0.085204 0.994329 -0.063648 14.836500 -0.210623 0.044462 0.976556 0.000000 0.000000 0.000000 0.000000 1.000000
0.974948 0.101072 0.198146 0.000000 -0.094122 0.994579 -0.044210 14.836500 -0.201540 0.024453 0.979175 0.000000 0.000000 0.000000 0.000000 1.000000
0.976974 0.105074 0.185693 0.000000 -0.102542 0.994458 -0.023218 14.836500 -0.187103 0.003642 0.982333 0.000000 0.000000 0.000000 0.000000 1.000000
0.979342 0.106713 0.171758 -0.000000 -0.107802 0.994168 -0.003000 14.836500 -0.171077 -0.015578 0.985135 -0.000000 0.000000 0.000000 0.000000 1.000000
0.981348 0.107860 0.159130 0.000000 -0.111296 0.993705 0.012814 14.836500 -0.156746 -0.030285 0.987175 0.000000 0.000000 0.000000 0.000000 1.000000
0.983701 0.104067 0.146639 -0.000000 -0.107894 0.993993 0.018371 14.836500 -0.143846 -0.033893 0.989019 0.000000 0.000000 0.000000 0.000000 1.000000
0.986652 0.094810 0.132396 -0.000000 -0.098570 0.994884 0.022124 14.836500 -0.129621 -0.034879 0.990950 0.000000 0.000000 0.000000 0.000000 1.000000
0.989620 0.083402 0.117029 0.000000 -0.087151 0.995821 0.027284 14.836500 -0.114265 -0.037200 0.992754 -0.000000 0.000000 0.000000 0.000000 1.000000
0.992065 0.075920 0.100219 -0.000000 -0.079209 0.996429 0.029253 14.836500 -0.097640 -0.036959 0.994535 -0.000000 0.000000 0.000000 0.000000 1.000000
0.994485 0.062857 0.083954 -0.000000 -0.066024 0.997187 0.035492 14.836500 -0.081487 -0.040839 0.995837 0.000000 0.000000 0.000000 0.000000 1.000000
0.996278 0.056636 0.064987 0.000000 -0.059274 0.997464 0.039401 14.836500 -0.062590 -0.043107 0.997108 0.000000 0.000000 0.000000 0.000000 1.000000
0.997143 0.055808 0.050910 0.000000 -0.057946 0.997456 0.041525 14.836500 -0.048463 -0.044357 0.997840 -0.000000 0.000000 0.000000 0.000000 1.000000
0.996941 0.061723 0.047941 0.000000 -0.063901 0.996927 0.045319 14.836500 -0.044996 -0.048243 0.997822 -0.000000 0.000000 0.000000 0.000000 1.000000
0.996747 0.061235 0.052401 0.000000 -0.063990 0.996562 0.052620 14.836500 -0.048999 -0.055802 0.997239 0.000000 0.000000 0.000000 0.000000 1.000000
0.996508 0.061660 0.056298 0.000000 -0.065075 0.996014 0.061000 14.836500 -0.052312 -0.064451 0.996549 0.000000 0.000000 0.000000 0.000000 1.000000
0.996083 0.060834 0.064167 0.000000 -0.065123 0.995625 0.067008 14.836500 -0.059810 -0.070924 0.995687 0.000000 0.000000 0.000000 0.000000 1.000000
0.995452 0.057114 0.076250 0.000000 -0.062665 0.995398 0.072498 14.836500 -0.071759 -0.076947 0.994450 -0.000000 0.000000 0.000000 0.000000 1.000000
0.994418 0.056015 0.089410 0.000000 -0.063215 0.994801 0.079836 14.836500 -0.084473 -0.085043 0.992790 0.000000 0.000000 0.000000 0.000000 1.000000
0.993336 0.057023 0.100163 -0.000000 -0.065762 0.994102 0.086234 14.836500 -0.094655 -0.092246 0.991227 0.000000 0.000000 0.000000 0.000000 1.000000
0.992655 0.058197 0.106060 -0.000000 -0.068186 0.993317 0.093121 14.836500 -0.099932 -0.099669 0.989990 0.000000 0.000000 0.000000 0.000000 1.000000
0.992503 0.057564 0.107819 0.000000 -0.068440 0.992626 0.100050 14.836500 -0.101264 -0.106679 0.989123 0.000000 0.000000 0.000000 0.000000 1.000000</float_array>
        <technique_common>
          <accessor source="#mixamorig_Spine2-Matrix-animation-output-transform-array" count="47" stride="16">
            <param type="float4x4"/>
          </accessor>
        </technique_common>
      </source>
      <source id="mixamorig_Spine2-Interpolations">
        <Name_array id="mixamorig_Spine2-Interpolations-array" count="47">
 LINEAR LINEAR LINEAR LINEAR LINEAR LINEAR LINEAR LINEAR LINEAR LINEAR LINEAR
LINEAR LINEAR LINEAR LINEAR LINEAR LINEAR LINEAR LINEAR LINEAR LINEAR LINEAR LINEAR
LINEAR LINEAR LINEAR LINEAR LINEAR LINEAR LINEAR LINEAR LINEAR LINEAR LINEAR LINEAR
LINEAR LINEAR LINEAR LINEAR LINEAR LINEAR LINEAR LINEAR LINEAR LINEAR LINEAR LINEAR</Name_array>
        <technique_common>
          <accessor source="#mixamorig_Spine2-Interpolations-array" count="47">
            <param type="name"/>
          </accessor>
        </technique_common>
      </source>
      <sampler id="mixamorig_Spine2-Matrix-animation-transform">
        <input semantic="INPUT" source="#mixamorig_Spine2-Matrix-animation-input"/>
        <input semantic="OUTPUT" source="#mixamorig_Spine2-Matrix-animation-output-transform"/>
        <input semantic="INTERPOLATION" source="#mixamorig_Spine2-Interpolations"/>
      </sampler>
      <channel source="#mixamorig_Spine2-Matrix-animation-transform" target="mixamorig_Spine2/matrix"/>
    </animation>
    <animation id="mixamorig_Neck-anim" name="mixamorig_Neck">
      <source id="mixamorig_Neck-Matrix-animation-input">
        <float_array id="mixamorig_Neck-Matrix-animation-input-array" count="47">

0.000000 0.033333 0.066667 0.100000 0.133333 0.166667 0.200000 0.233333 0.266667 0.300000 0.333333 0.366667 0.400000 0.433333 0.466667 0.500000
0.533333 0.566667 0.600000 0.633333 0.666667 0.700000 0.733333 0.766667 0.800000 0.833333 0.866667 0.900000 0.933333 0.966667 1.000000 1.033333
1.066667 1.100000 1.133333 1.166667 1.200000 1.233333 1.266667 1.300000 1.333333 1.366667 1.400000 1.433333 1.466667 1.500000 1.533333</float_array>
        <technique_common>
          <accessor source="#mixamorig_Neck-Matrix-animation-input-array" count="47">
            <param name="TIME" type="float"/>
          </accessor>
        </technique_common>
      </source>
      <source id="mixamorig_Neck-Matrix-animation-output-transform">
        <float_array id="mixamorig_Neck-Matrix-animation-output-transform-array" count="752">

0.986666 0.004573 0.162695 0.000000 -0.005133 0.999982 0.003020 16.691000 -0.162678 -0.003814 0.986672 0.000000 0.000000 0.000000 0.000000 1.000000
0.981377 0.013375 0.191625 0.000000 -0.015683 0.999822 0.010529 16.691000 -0.191450 -0.013338 0.981412 0.000000 0.000000 0.000000 0.000000 1.000000
0.965820 0.019260 0.258497 -0.000000 -0.021526 0.999751 0.005939 16.691000 -0.258319 -0.011300 0.965994 0.000000 0.000000 0.000000 0.000000 1.000000
0.935040 0.030953 0.353187 -0.000000 -0.027142 0.999508 -0.015739 16.691000 -0.353501 0.005130 0.935420 0.000000 0.000000 0.000000 0.000000 1.000000
0.901583 0.009933 0.432491 -0.000000 0.010189 0.998971 -0.044183 16.691000 -0.432485 0.044242 0.900555 -0.000000 0.000000 0.000000 0.000000 1.000000
