<?xml version="1.0" encoding="utf-8"?>
<COLLADA xmlns="http://www.collada.org/2005/11/COLLADASchema" version="1.4.1">
  <asset>
    <contributor>
      <author>Mixamo</author>
      <authoring_tool>COLLADA Mixamo exporter</authoring_tool>
      <comments/>
    </contributor>
    <created>2024-04-15T23:52:32Z</created>
    <modified>2024-04-15T23:52:32Z</modified>
    <revision/>
    <title/>
    <unit meter="0.010000"/>
    <up_axis>Y_UP</up_axis>
  </asset>
  <library_animations>
    <animation id="mixamorig_Hips-anim" name="mixamorig_Hips">
      <source id="mixamorig_Hips-Matrix-animation-input">
        <float_array id="mixamorig_Hips-Matrix-animation-input-array" count="56">

0.000000 0.033333 0.066667 0.100000 0.133333 0.166667 0.200000 0.233333 0.266667 0.300000 0.333333 0.366667 0.400000 0.433333 0.466667 0.500000
0.533333 0.566667 0.600000 0.633333 0.666667 0.700000 0.733333 0.766667 0.800000 0.833333 0.866667 0.900000 0.933333 0.966667 1.000000 1.033333
1.066667 1.100000 1.133333 1.166667 1.200000 1.233333 1.266667 1.300000 1.333333 1.366667 1.400000 1.433333 1.466667 1.500000 1.533333 1.566667
1.600000 1.633333 1.666667 1.700000 1.733333 1.766667 1.800000 1.833333</float_array>
        <technique_common>
          <accessor source="#mixamorig_Hips-Matrix-animation-input-array" count="56">
            <param name="TIME" type="float"/>
          </accessor>
        </technique_common>
      </source>
      <source id="mixamorig_Hips-Matrix-animation-output-transform">
        <float_array id="mixamorig_Hips-Matrix-animation-output-transform-array" count="896">

0.978207 0.008355 -0.207466 0.039545 -0.017140 0.999029 -0.040583 102.337044 0.206925 0.043255 0.977400 0.307518 0.000000 0.000000 0.000000 1.000000
0.978806 0.008320 -0.204622 0.002146 -0.016669 0.999096 -0.039114 102.380684 0.204111 0.041696 0.978059 0.356147 0.000000 0.000000 0.000000 1.000000
0.979407 0.008307 -0.201723 -0.042532 -0.016233 0.999158 -0.037667 102.429581 0.201241 0.040166 0.978718 0.407493 0.000000 0.000000 0.000000 1.000000
0.980043 0.008329 -0.198609 -0.103540 -0.015844 0.999216 -0.036279 102.489952 0.198151 0.038702 0.979407 0.464174 0.000000 0.000000 0.000000 1.000000
0.980679 0.008370 -0.195445 -0.171019 -0.015486 0.999270 -0.034911 102.555000 0.195011 0.037263 0.980093 0.523271 0.000000 0.000000 0.000000 1.000000
0.981247 0.008481 -0.192568 -0.238444 -0.015216 0.999322 -0.033518 102.620995 0.192153 0.035819 0.980711 0.584627 0.000000 0.000000 0.000000 1.000000
0.981771 0.008739 -0.189867 -0.320167 -0.015079 0.999375 -0.031972 102.689728 0.189469 0.034252 0.981289 0.649004 0.000000 0.000000 0.000000 1.000000
0.982009 0.009162 -0.188614 -0.368651 -0.015197 0.999417 -0.030577 102.755753 0.188224 0.032894 0.981575 0.719662 0.000000 0.000000 0.000000 1.000000
0.981940 0.009662 -0.188947 -0.365419 -0.015504 0.999446 -0.029464 102.815514 0.188557 0.031862 0.981545 0.795285 0.000000 0.000000 0.000000 1.000000
0.981849 0.010169 -0.189390 -0.358581 -0.015821 0.999473 -0.028359 102.875107 0.189001 0.030841 0.981492 0.871956 0.000000 0.000000 0.000000 1.000000
0.981740 0.010681 -0.189929 -0.348668 -0.016149 0.999498 -0.027263 102.934502 0.189542 0.029833 0.981419 0.949375 0.000000 0.000000 0.000000 1.000000
0.981613 0.011200 -0.190551 -0.336208 -0.016486 0.999521 -0.026178 102.993675 0.190166 0.028838 0.981328 1.027241 0.000000 0.000000 0.000000 1.000000
0.981473 0.011727 -0.191242 -0.321730 -0.016834 0.999543 -0.025104 103.052589 0.190860 0.027858 0.981222 1.105255 0.000000 0.000000 0.000000 1.000000
0.981321 0.012261 -0.191987 -0.305765 -0.017192 0.999563 -0.024043 103.111206 0.191609 0.026894 0.981103 1.183115 0.000000 0.000000 0.000000 1.000000
0.981160 0.012802 -0.192774 -0.288842 -0.017560 0.999581 -0.022995 103.169502 0.192399 0.025947 0.980974 1.260522 0.000000 0.000000 0.000000 1.000000
0.980992 0.013351 -0.193588 -0.271490 -0.017938 0.999598 -0.021963 103.227440 0.193217 0.025018 0.980837 1.337174 0.000000 0.000000 0.000000 1.000000
0.980821 0.013908 -0.194416 -0.254238 -0.018326 0.999613 -0.020946 103.284973 0.194049 0.024107 0.980696 1.412772 0.000000 0.000000 0.000000 1.000000
0.980648 0.014473 -0.195243 -0.237616 -0.018725 0.999626 -0.019947 103.342087 0.194881 0.023217 0.980552 1.487016 0.000000 0.000000 0.000000 1.000000
0.980477 0.015046 -0.196056 -0.222154 -0.019133 0.999637 -0.018966 103.398750 0.195700 0.022347 0.980409 1.559604 0.000000 0.000000 0.000000 1.000000
0.980188 0.015779 -0.197439 -0.200749 -0.019788 0.999636 -0.018351 103.447739 0.197077 0.021894 0.980143 1.613108 0.000000 0.000000 0.000000 1.000000
0.979841 0.016585 -0.199089 -0.177469 -0.020574 0.999627 -0.017984 103.489212 0.198716 0.021717 0.979816 1.651246 0.000000 0.000000 0.000000 1.000000
0.979631 0.017220 -0.200068 -0.166785 -0.021156 0.999622 -0.017550 103.522949 0.199690 0.021425 0.979625 1.682387 0.000000 0.000000 0.000000 1.000000
0.979527 0.017748 -0.200530 -0.163147 -0.021598 0.999622 -0.017027 103.545341 0.200152 0.021010 0.979540 1.702044 0.000000 0.000000 0.000000 1.000000
0.979544 0.018195 -0.200407 -0.163752 -0.021922 0.999625 -0.016391 103.556885 0.200034 0.020449 0.979576 1.705854 0.000000 0.000000 0.000000 1.000000
0.979642 0.018527 -0.199895 -0.167926 -0.022134 0.999630 -0.015824 103.559692 0.199528 0.019927 0.979689 1.692100 0.000000 0.000000 0.000000 1.000000
0.979756 0.018568 -0.199332 -0.165637 -0.022241 0.999621 -0.016206 103.520325 0.198955 0.020312 0.979798 1.624120 0.000000 0.000000 0.000000 1.000000
0.979876 0.018589 -0.198742 -0.163095 -0.022344 0.999611 -0.016671 103.477242 0.198355 0.020777 0.979910 1.550924 0.000000 0.000000 0.000000 1.000000
0.979993 0.018586 -0.198162 -0.159903 -0.022437 0.999600 -0.017203 103.431213 0.197763 0.021305 0.980018 1.474210 0.000000 0.000000 0.000000 1.000000
0.980101 0.018558 -0.197628 -0.155663 -0.022513 0.999588 -0.017786 103.383018 0.197216 0.021881 0.980116 1.395674 0.000000 0.000000 0.000000 1.000000
0.980194 0.018501 -0.197174 -0.149977 -0.022568 0.999576 -0.018402 103.333435 0.196750 0.022487 0.980196 1.317015 0.000000 0.000000 0.000000 1.000000
0.980139 0.018081 -0.197486 -0.128675 -0.022386 0.999557 -0.019588 103.259613 0.197044 0.023620 0.980110 1.223163 0.000000 0.000000 0.000000 1.000000
0.979988 0.017904 -0.198248 -0.103985 -0.022441 0.999535 -0.020660 103.191055 0.197786 0.024695 0.979934 1.143376 0.000000 0.000000 0.000000 1.000000
0.979808 0.017776 -0.199149 -0.078663 -0.022557 0.999509 -0.021765 103.123413 0.198664 0.025817 0.979728 1.067531 0.000000 0.000000 0.000000 1.000000
0.979577 0.017651 -0.200292 -0.053576 -0.022744 0.999473 -0.023154 103.055016 0.199777 0.027236 0.979463 0.997335 0.000000 0.000000 0.000000 1.000000
0.979406 0.017254 -0.201162 -0.026810 -0.022707 0.999434 -0.024830 102.983536 0.200620 0.028886 0.979243 0.919265 0.000000 0.000000 0.000000 1.000000
0.979270 0.016832 -0.201860 0.002421 -0.022644 0.999392 -0.026517 102.920578 0.201291 0.030538 0.979055 0.828577 0.000000 0.000000 0.000000 1.000000
0.979212 0.016553 -0.202163 0.021948 -0.022688 0.999349 -0.028068 102.864693 0.201567 0.032071 0.978950 0.743221 0.000000 0.000000 0.000000 1.000000
0.979170 0.016303 -0.202387 0.039302 -0.022754 0.999303 -0.029586 102.810242 0.201764 0.033575 0.978859 0.659267 0.000000 0.000000 0.000000 1.000000
0.979141 0.016110 -0.202541 0.051004 -0.022850 0.999259 -0.030983 102.757561 0.201892 0.034965 0.978784 0.581767 0.000000 0.000000 0.000000 1.000000
0.979136 0.016073 -0.202568 0.048942 -0.023048 0.999218 -0.032118 102.708466 0.201894 0.036116 0.978741 0.518093 0.000000 0.000000 0.000000 1.000000
0.979156 0.016052 -0.202473 0.041007 -0.023214 0.999184 -0.033050 102.662125 0.201777 0.037061 0.978730 0.465623 0.000000 0.000000 0.000000 1.000000
0.979202 0.015959 -0.202260 0.035955 -0.023286 0.999154 -0.033896 102.616470 0.201548 0.037901 0.978745 0.417872 0.000000 0.000000 0.000000 1.000000
0.979256 0.015824 -0.202007 0.031334 -0.023300 0.999127 -0.034685 102.571495 0.201282 0.038672 0.978770 0.373627 0.000000 0.000000 0.000000 1.000000
0.979278 0.015478 -0.201927 0.030862 -0.023110 0.999103 -0.035491 102.526688 0.201196 0.039422 0.978757 0.330851 0.000000 0.000000 0.000000 1.000000
0.979258 0.014786 -0.202077 0.036582 -0.022579 0.999085 -0.036310 102.480103 0.201355 0.040119 0.978696 0.288505 0.000000 0.000000 0.000000 1.000000
0.979205 0.013884 -0.202398 0.046452 -0.021844 0.999071 -0.037147 102.433678 0.201694 0.040796 0.978599 0.247627 0.000000 0.000000 0.000000 1.000000
0.979108 0.013013 -0.202922 0.058062 -0.021175 0.999050 -0.038101 102.392693 0.202233 0.041601 0.978453 0.209300 0.000000 0.000000 0.000000 1.000000
0.978952 0.012253 -0.203722 0.071717 -0.020670 0.999016 -0.039242 102.359932 0.203040 0.042627 0.978242 0.173849 0.000000 0.000000 0.000000 1.000000
0.978752 0.011523 -0.204724 0.087112 -0.020232 0.998975 -0.040499 102.332611 0.204047 0.043781 0.977982 0.140947 0.000000 0.000000 0.000000 1.000000
0.978546 0.010829 -0.205745 0.100933 -0.019834 0.998931 -0.041755 102.307663 0.205073 0.044940 0.977715 0.110704 0.000000 0.000000 0.000000 1.000000
0.978328 0.010327 -0.206803 0.105775 -0.019625 0.998884 -0.042959 102.293503 0.206129 0.046086 0.977439 0.093785 0.000000 0.000000 0.000000 1.000000
0.978225 0.009988 -0.207306 0.100277 -0.019330 0.998884 -0.043084 102.292953 0.206644 0.046153 0.977327 0.111224 0.000000 0.000000 0.000000 1.000000
0.978134 0.009667 -0.207750 0.093699 -0.019025 0.998890 -0.043097 102.293823 0.207103 0.046108 0.977232 0.132253 0.000000 0.000000 0.000000 1.000000
0.978050 0.009355 -0.208162 0.086503 -0.018716 0.998898 -0.043047 102.295502 0.207530 0.045998 0.977147 0.155334 0.000000 0.000000 0.000000 1.000000
0.977967 0.009046 -0.208565 0.079153 -0.018405 0.998906 -0.042980 102.297394 0.207948 0.045872 0.977064 0.178927 0.000000 0.000000 0.000000 1.000000
0.977880 0.008732 -0.208985 0.072112 -0.018097 0.998913 -0.042946 102.298874 0.208383 0.045778 0.976975 0.201494 0.000000 0.000000 0.000000 1.000000</float_array>
        <technique_common>
          <accessor source="#mixamorig_Hips-Matrix-animation-output-transform-array" count="56" stride="16">
            <param type="float4x4"/>
          </accessor>
        </technique_common>
      </source>
      <source id="mixamorig_Hips-Interpolations">
        <Name_array id="mixamorig_Hips-Interpolations-array" count="56">
 LINEAR LINEAR LINEAR LINEAR LINEAR LINEAR LINEAR LINEAR LINEAR LINEAR LINEAR
LINEAR LINEAR LINEAR LINEAR LINEAR LINEAR LINEAR LINEAR LINEAR LINEAR LINEAR LINEAR
LINEAR LINEAR LINEAR LINEAR LINEAR LINEAR LINEAR LINEAR LINEAR LINEAR LINEAR LINEAR
LINEAR LINEAR LINEAR LINEAR LINEAR LINEAR LINEAR LINEAR LINEAR LINEAR LINEAR LINEAR
LINEAR LINEAR LINEAR LINEAR LINEAR LINEAR LINEAR LINEAR LINEAR</Name_array>
        <technique_common>
          <accessor source="#mixamorig_Hips-Interpolations-array" count="56">
            <param type="name"/>
          </accessor>
        </technique_common>
      </source>
      <sampler id="mixamorig_Hips-Matrix-animation-transform">
        <input semantic="INPUT" source="#mixamorig_Hips-Matrix-animation-input"/>
        <input semantic="OUTPUT" source="#mixamorig_Hips-Matrix-animation-output-transform"/>
        <input semantic="INTERPOLATION" source="#mixamorig_Hips-Interpolations"/>
      </sampler>
      <channel source="#mixamorig_Hips-Matrix-animation-transform" target="mixamorig_Hips/matrix"/>
    </animation>
    <animation id="mixamorig_Spine-anim" name="mixamorig_Spine">
      <source id="mixamorig_Spine-Matrix-animation-input">
        <float_array id="mixamorig_Spine-Matrix-animation-input-array" count="56">

0.000000 0.033333 0.066667 0.100000 0.133333 0.166667 0.200000 0.233333 0.266667 0.300000 0.333333 0.366667 0.400000 0.433333 0.466667 0.500000
0.533333 0.566667 0.600000 0.633333 0.666667 0.700000 0.733333 0.766667 0.800000 0.833333 0.866667 0.900000 0.933333 0.966667 1.000000 1.033333
1.066667 1.100000 1.133333 1.166667 1.200000 1.233333 1.266667 1.300000 1.333333 1.366667 1.400000 1.433333 1.466667 1.500000 1.533333 1.566667
1.600000 1.633333 1.666667 1.700000 1.733333 1.766667 1.800000 1.833333</float_array>
        <technique_common>
          <accessor source="#mixamorig_Spine-Matrix-animation-input-array" count="56">
            <param name="TIME" type="float"/>
          </accessor>
        </technique_common>
      </source>
      <source id="mixamorig_Spine-Matrix-animation-output-transform">
        <float_array id="mixamorig_Spine-Matrix-animation-output-transform-array" count="896">

0.999372 -0.005638 0.034974 0.000000 0.012744 0.978371 -0.206464 11.116800 -0.033053 0.206780 0.977829 0.484300 0.000000 0.000000 0.000000 1.000000
0.999371 -0.005688 0.034993 0.000000 0.012764 0.978578 -0.205480 11.116800 -0.033074 0.205797 0.978036 0.484300 0.000000 0.000000 0.000000 1.000000
0.999368 -0.005721 0.035072 0.000000 0.012769 0.978852 -0.204172 11.116800 -0.033162 0.204491 0.978306 0.484300 0.000000 0.000000 0.000000 1.000000
0.999361 -0.005690 0.035295 0.000000 0.012716 0.979270 -0.202161 11.116800 -0.033413 0.202480 0.978716 0.484300 0.000000 0.000000 0.000000 1.000000
0.999351 -0.005645 0.035572 0.000000 0.012648 0.979743 -0.199861 11.116800 -0.033723 0.200182 0.979178 0.484300 0.000000 0.000000 0.000000 1.000000
0.999342 -0.005675 0.035824 0.000000 0.012647 0.980221 -0.197504 11.116800 -0.033995 0.197827 0.979647 0.484300 0.000000 0.000000 0.000000 1.000000
0.999334 -0.005928 0.036015 0.000000 0.012849 0.980695 -0.195121 11.116800 -0.034163 0.195454 0.980118 0.484300 0.000000 0.000000 0.000000 1.000000
0.999328 -0.006206 0.036132 0.000000 0.013058 0.981186 -0.192624 11.116800 -0.034256 0.192967 0.980607 0.484300 0.000000 0.000000 0.000000 1.000000
0.999325 -0.006354 0.036194 -0.000000 0.013126 0.981681 -0.190079 11.116800 -0.034323 0.190426 0.981101 0.484300 0.000000 0.000000 0.000000 1.000000
0.999322 -0.006497 0.036250 -0.000000 0.013188 0.982172 -0.187520 11.116800 -0.034386 0.187871 0.981592 0.484300 0.000000 0.000000 0.000000 1.000000
0.999319 -0.006637 0.036303 0.000000 0.013245 0.982659 -0.184951 11.116800 -0.034446 0.185306 0.982077 0.484300 0.000000 0.000000 0.000000 1.000000
0.999316 -0.006773 0.036352 0.000000 0.013298 0.983139 -0.182375 11.116800 -0.034503 0.182733 0.982557 0.484300 0.000000 0.000000 0.000000 1.000000
0.999314 -0.006906 0.036397 -0.000000 0.013346 0.983614 -0.179795 11.116800 -0.034559 0.180158 0.983030 0.484300 0.000000 0.000000 0.000000 1.000000
0.999311 -0.007035 0.036440 -0.000000 0.013390 0.984081 -0.177216 11.116800 -0.034614 0.177582 0.983497 0.484300 0.000000 0.000000 0.000000 1.000000
0.999309 -0.007161 0.036482 0.000000 0.013431 0.984541 -0.174641 11.116800 -0.034667 0.175010 0.983956 0.484300 0.000000 0.000000 0.000000 1.000000
0.999306 -0.007284 0.036522 -0.000000 0.013469 0.984992 -0.172073 11.116800 -0.034720 0.172446 0.984407 0.484300 0.000000 0.000000 0.000000 1.000000
0.999304 -0.007404 0.036561 -0.000000 0.013504 0.985435 -0.169516 11.116800 -0.034773 0.169892 0.984849 0.484300 0.000000 0.000000 0.000000 1.000000
0.999302 -0.007522 0.036600 0.000000 0.013537 0.985868 -0.166974 11.116800 -0.034827 0.167353 0.985282 0.484300 0.000000 0.000000 0.000000 1.000000
0.999299 -0.007638 0.036641 0.000000 0.013568 0.986292 -0.164450 11.116800 -0.034882 0.164832 0.985705 0.484300 0.000000 0.000000 0.000000 1.000000
0.999298 -0.007680 0.036669 -0.000000 0.013532 0.986677 -0.162125 11.116800 -0.034935 0.162507 0.986089 0.484300 0.000000 0.000000 0.000000 1.000000
0.999297 -0.007675 0.036686 0.000000 0.013455 0.987023 -0.160013 11.116800 -0.034982 0.160395 0.986433 0.484300 0.000000 0.000000 0.000000 1.000000
0.999297 -0.007693 0.036696 0.000000 0.013410 0.987317 -0.158192 11.116800 -0.035014 0.158573 0.986726 0.484300 0.000000 0.000000 0.000000 1.000000
0.999300 -0.007724 0.036603 -0.000000 0.013379 0.987528 -0.156873 11.116800 -0.034935 0.157253 0.986940 0.484300 0.000000 0.000000 0.000000 1.000000
0.999310 -0.007775 0.036326 -0.000000 0.013360 0.987645 -0.156134 11.116800 -0.034663 0.156512 0.987068 0.484300 0.000000 0.000000 0.000000 1.000000
0.999321 -0.007822 0.036018 -0.000000 0.013351 0.987678 -0.155927 11.116800 -0.034354 0.156302 0.987112 0.484300 0.000000 0.000000 0.000000 1.000000
0.999325 -0.007797 0.035887 -0.000000 0.013342 0.987512 -0.156977 11.116800 -0.034215 0.157350 0.986950 0.484300 0.000000 0.000000 0.000000 1.000000
0.999330 -0.007769 0.035774 0.000000 0.013336 0.987330 -0.158118 11.116800 -0.034092 0.158490 0.986772 0.484300 0.000000 0.000000 0.000000 1.000000
0.999334 -0.007734 0.035671 0.000000 0.013328 0.987131 -0.159359 11.116800 -0.033980 0.159729 0.986576 0.484300 0.000000 0.000000 0.000000 1.000000
0.999337 -0.007689 0.035574 0.000000 0.013314 0.986912 -0.160706 11.116800 -0.033873 0.161074 0.986361 0.484300 0.000000 0.000000 0.000000 1.000000
0.999341 -0.007630 0.035476 0.000000 0.013290 0.986674 -0.162167 11.116800 -0.033766 0.162532 0.986125 0.484300 0.000000 0.000000 0.000000 1.000000
0.999345 -0.007422 0.035412 0.000000 0.013173 0.986198 -0.165047 11.116800 -0.033699 0.165405 0.985650 0.484300 0.000000 0.000000 0.000000 1.000000
0.999348 -0.007306 0.035361 0.000000 0.013173 0.985589 -0.168642 11.116800 -0.033620 0.168997 0.985043 0.484300 0.000000 0.000000 0.000000 1.000000
0.999350 -0.007204 0.035309 0.000000 0.013190 0.984946 -0.172358 11.116800 -0.033535 0.172711 0.984401 0.484300 0.000000 0.000000 0.000000 1.000000
0.999354 -0.007074 0.035234 0.000000 0.013171 0.984307 -0.175974 11.116800 -0.033436 0.176325 0.983764 0.484300 0.000000 0.000000 0.000000 1.000000
0.999369 -0.006778 0.034866 0.000000 0.012927 0.983708 -0.179306 11.116800 -0.033083 0.179644 0.983175 0.484300 0.000000 0.000000 0.000000 1.000000
0.999387 -0.006417 0.034408 0.000000 0.012598 0.983115 -0.182552 11.116800 -0.032656 0.182874 0.982594 0.484300 0.000000 0.000000 0.000000 1.000000
0.999404 -0.006255 0.033944 0.000000 0.012443 0.982605 -0.185289 11.116800 -0.032195 0.185601 0.982098 0.484300 0.000000 0.000000 0.000000 1.000000
0.999420 -0.006134 0.033495 0.000000 0.012325 0.982108 -0.187916 11.116800 -0.031743 0.188219 0.981614 0.484300 0.000000 0.000000 0.000000 1.000000
0.999428 -0.006034 0.033283 0.000000 0.012266 0.981641 -0.190343 11.116800 -0.031524 0.190642 0.981153 0.484300 0.000000 0.000000 0.000000 1.000000
0.999413 -0.005968 0.033724 0.000000 0.012350 0.981248 -0.192352 11.116800 -0.031944 0.192656 0.980746 0.484300 0.000000 0.000000 0.000000 1.000000
0.999393 -0.005931 0.034326 0.000000 0.012486 0.980913 -0.194045 11.116800 -0.032520 0.194356 0.980392 0.484300 0.000000 0.000000 0.000000 1.000000
0.999384 -0.005892 0.034604 0.000000 0.012555 0.980594 -0.195649 11.116800 -0.032779 0.195963 0.980063 0.484300 0.000000 0.000000 0.000000 1.000000
0.999378 -0.005860 0.034786 -0.000000 0.012611 0.980288 -0.197170 11.116800 -0.032944 0.197486 0.979752 0.484300 0.000000 0.000000 0.000000 1.000000
0.999377 -0.005860 0.034806 0.000000 0.012665 0.979984 -0.198671 11.116800 -0.032945 0.198988 0.979448 0.484300 0.000000 0.000000 0.000000 1.000000
0.999386 -0.005917 0.034543 0.000000 0.012721 0.979669 -0.200217 11.116800 -0.032656 0.200533 0.979142 0.484300 0.000000 0.000000 0.000000 1.000000
0.999400 -0.006007 0.034119 0.000000 0.012774 0.979355 -0.201743 11.116800 -0.032203 0.202058 0.978844 0.484300 0.000000 0.000000 0.000000 1.000000
0.999409 -0.006071 0.033835 0.000000 0.012824 0.979069 -0.203122 11.116800 -0.031893 0.203436 0.978569 0.484300 0.000000 0.000000 0.000000 1.000000
0.999409 -0.006079 0.033832 0.000000 0.012869 0.978828 -0.204281 11.116800 -0.031874 0.204596 0.978327 0.484300 0.000000 0.000000 0.000000 1.000000
0.999405 -0.006060 0.033968 0.000000 0.012912 0.978615 -0.205294 11.116800 -0.031998 0.205610 0.978111 0.484300 0.000000 0.000000 0.000000 1.000000
0.999400 -0.006039 0.034117 0.000000 0.012953 0.978415 -0.206244 11.116800 -0.032135 0.206562 0.977906 0.484300 0.000000 0.000000 0.000000 1.000000
0.999394 -0.006017 0.034282 0.000000 0.012988 0.978273 -0.206914 11.116800 -0.032293 0.207234 0.977758 0.484300 0.000000 0.000000 0.000000 1.000000
0.999389 -0.006000 0.034428 -0.000000 0.013007 0.978235 -0.207094 11.116800 -0.032436 0.207415 0.977715 0.484300 0.000000 0.000000 0.000000 1.000000
0.999384 -0.005983 0.034572 0.000000 0.013024 0.978207 -0.207223 11.116800 -0.032578 0.207545 0.977683 0.484300 0.000000 0.000000 0.000000 1.000000
0.999379 -0.005966 0.034714 -0.000000 0.013041 0.978186 -0.207322 11.116800 -0.032720 0.207646 0.977657 0.484300 0.000000 0.000000 0.000000 1.000000
0.999375 -0.005949 0.034856 0.000000 0.013057 0.978166 -0.207414 11.116800 -0.032861 0.207739 0.977632 0.484300 0.000000 0.000000 0.000000 1.000000
0.999370 -0.005932 0.034998 0.000000 0.013074 0.978143 -0.207520 11.116800 -0.033002 0.207847 0.977604 0.484300 0.000000 0.000000 0.000000 1.000000</float_array>
        <technique_common>
          <accessor source="#mixamorig_Spine-Matrix-animation-output-transform-array" count="56" stride="16">
            <param type="float4x4"/>
          </accessor>
        </technique_common>
      </source>
      <source id="mixamorig_Spine-Interpolations">
        <Name_array id="mixamorig_Spine-Interpolations-array" count="56">
 LINEAR LINEAR LINEAR LINEAR LINEAR LINEAR LINEAR LINEAR LINEAR LINEAR LINEAR
LINEAR LINEAR LINEAR LINEAR LINEAR LINEAR LINEAR LINEAR LINEAR LINEAR LINEAR LINEAR
LINEAR LINEAR LINEAR LINEAR LINEAR LINEAR LINEAR LINEAR LINEAR LINEAR LINEAR LINEAR
LINEAR LINEAR LINEAR LINEAR LINEAR LINEAR LINEAR LINEAR LINEAR LINEAR LINEAR LINEAR
LINEAR LINEAR LINEAR LINEAR LINEAR LINEAR LINEAR LINEAR LINEAR</Name_array>
        <technique_common>
          <accessor source="#mixamorig_Spine-Interpolations-array" count="56">
            <param type="name"/>
          </accessor>
        </technique_common>
      </source>
      <sampler id="mixamorig_Spine-Matrix-animation-transform">
        <input semantic="INPUT" source="#mixamorig_Spine-Matrix-animation-input"/>
        <input semantic="OUTPUT" source="#mixamorig_Spine-Matrix-animation-output-transform"/>
        <input semantic="INTERPOLATION" source="#mixamorig_Spine-Interpolations"/>
      </sampler>
      <channel source="#mixamorig_Spine-Matrix-animation-transform" target="mixamorig_Spine/matrix"/>
    </animation>
    <animation id="mixamorig_Spine1-anim" name="mixamorig_Spine1">
      <source id="mixamorig_Spine1-Matrix-animation-input">
        <float_array id="mixamorig_Spine1-Matrix-animation-input-array" count="56">

0.000000 0.033333 0.066667 0.100000 0.133333 0.166667 0.200000 0.233333 0.266667 0.300000 0.333333 0.366667 0.400000 0.433333 0.466667 0.500000
0.533333 0.566667 0.600000 0.633333 0.666667 0.700000 0.733333 0.766667 0.800000 0.833333 0.866667 0.900000 0.933333 0.966667 1.000000 1.033333
1.066667 1.100000 1.133333 1.166667 1.200000 1.233333 1.266667 1.300000 1.333333 1.366667 1.400000 1.433333 1.466667 1.500000 1.533333 1.566667
1.600000 1.633333 1.666667 1.700000 1.733333 1.766667 1.800000 1.833333</float_array>
        <technique_common>
          <accessor source="#mixamorig_Spine1-Matrix-animation-input-array" count="56">
            <param name="TIME" type="float"/>
          </accessor>
        </technique_common>
      </source>
      <source id="mixamorig_Spine1-Matrix-animation-output-transform">
        <float_array id="mixamorig_Spine1-Matrix-animation-output-transform-array" count="896">

0.997400 -0.012897 0.070905 -0.000000 0.016471 0.998611 -0.050057 12.981900 -0.070161 0.051095 0.996226 0.000000 0.000000 0.000000 0.000000 1.000000
0.997376 -0.013003 0.071225 0.000000 0.016529 0.998655 -0.049148 12.981900 -0.070490 0.050196 0.996249 0.000000 0.000000 0.000000 0.000000 1.000000
0.997347 -0.013164 0.071600 0.000000 0.016625 0.998711 -0.047948 12.981900 -0.070877 0.049011 0.996280 0.000000 0.000000 0.000000 0.000000 1.000000
0.997304 -0.013448 0.072138 0.000000 0.016805 0.998794 -0.046132 12.981900 -0.071431 0.047220 0.996327 0.000000 0.000000 0.000000 0.000000 1.000000
0.997257 -0.013783 0.072724 0.000000 0.017019 0.998884 -0.044057 12.981900 -0.072036 0.045174 0.996379 0.000000 0.000000 0.000000 0.000000 1.000000
0.997218 -0.014128 0.073187 0.000000 0.017227 0.998974 -0.041878 12.981900 -0.072520 0.043023 0.996439 0.000000 0.000000 0.000000 0.000000 1.000000
0.997203 -0.014526 0.073322 0.000000 0.017449 0.999072 -0.039388 12.981900 -0.072682 0.040557 0.996530 0.000000 0.000000 0.000000 0.000000 1.000000
0.997198 -0.014835 0.073322 0.000000 0.017588 0.999158 -0.037054 12.981900 -0.072711 0.038240 0.996620 0.000000 0.000000 0.000000 0.000000 1.000000
0.997190 -0.014988 0.073397 -0.000000 0.017609 0.999225 -0.035196 12.981900 -0.072813 0.036389 0.996682 0.000000 0.000000 0.000000 0.000000 1.000000
0.997182 -0.015132 0.073474 -0.000000 0.017622 0.999288 -0.033354 12.981900 -0.072917 0.034555 0.996739 0.000000 0.000000 0.000000 0.000000 1.000000
0.997175 -0.015268 0.073552 -0.000000 0.017627 0.999347 -0.031530 12.981900 -0.073023 0.032737 0.996793 0.000000 0.000000 0.000000 0.000000 1.000000
0.997167 -0.015396 0.073630 -0.000000 0.017626 0.999403 -0.029723 12.981900 -0.073128 0.030937 0.996843 0.000000 0.000000 0.000000 0.000000 1.000000
0.997159 -0.015519 0.073708 0.000000 0.017620 0.999454 -0.027935 12.981900 -0.073234 0.029154 0.996889 0.000000 0.000000 0.000000 0.000000 1.000000
0.997152 -0.015638 0.073786 0.000000 0.017611 0.999503 -0.026165 12.981900 -0.073340 0.027390 0.996931 0.000000 0.000000 0.000000 0.000000 1.000000
0.997144 -0.015753 0.073862 0.000000 0.017600 0.999547 -0.024414 12.981900 -0.073444 0.025644 0.996970 0.000000 0.000000 0.000000 0.000000 1.000000
0.997137 -0.015867 0.073936 0.000000 0.017588 0.999588 -0.022683 12.981900 -0.073546 0.023918 0.997005 -0.000000 0.000000 0.000000 0.000000 1.000000
0.997130 -0.015980 0.074008 -0.000000 0.017576 0.999626 -0.020972 12.981900 -0.073645 0.022212 0.997037 -0.000000 0.000000 0.000000 0.000000 1.000000
0.997123 -0.016093 0.074077 0.000000 0.017566 0.999660 -0.019281 12.981900 -0.073741 0.020527 0.997066 0.000000 0.000000 0.000000 0.000000 1.000000
0.997116 -0.016208 0.074142 0.000000 0.017559 0.999691 -0.017611 12.981900 -0.073834 0.018862 0.997092 0.000000 0.000000 0.000000 0.000000 1.000000
0.997113 -0.016284 0.074165 -0.000000 0.017545 0.999712 -0.016381 12.981900 -0.073877 0.017635 0.997111 0.000000 0.000000 0.000000 0.000000 1.000000
0.997113 -0.016331 0.074158 0.000000 0.017526 0.999726 -0.015490 12.981900 -0.073885 0.016745 0.997126 0.000000 0.000000 0.000000 0.000000 1.000000
0.997112 -0.016382 0.074155 0.000000 0.017516 0.999739 -0.014669 12.981900 -0.073895 0.015925 0.997139 0.000000 0.000000 0.000000 0.000000 1.000000
0.997125 -0.016448 0.073971 0.000000 0.017543 0.999746 -0.014178 12.981900 -0.073719 0.015435 0.997160 0.000000 0.000000 0.000000 0.000000 1.000000
0.997147 -0.016509 0.073660 0.000000 0.017596 0.999745 -0.014133 12.981900 -0.073408 0.015389 0.997183 0.000000 0.000000 0.000000 0.000000 1.000000
0.997173 -0.016554 0.073300 0.000000 0.017660 0.999739 -0.014475 12.981900 -0.073041 0.015729 0.997205 0.000000 0.000000 0.000000 0.000000 1.000000
0.997187 -0.016448 0.073131 0.000000 0.017647 0.999720 -0.015767 12.981900 -0.072851 0.017013 0.997198 0.000000 0.000000 0.000000 0.000000 1.000000
0.997200 -0.016333 0.072979 0.000000 0.017629 0.999698 -0.017142 12.981900 -0.072677 0.018380 0.997186 0.000000 0.000000 0.000000 0.000000 1.000000
0.997212 -0.016207 0.072840 0.000000 0.017604 0.999672 -0.018583 12.981900 -0.072515 0.019813 0.997171 0.000000 0.000000 0.000000 0.000000 1.000000
0.997224 -0.016066 0.072708 -0.000000 0.017569 0.999644 -0.020073 12.981900 -0.072360 0.021294 0.997151 0.000000 0.000000 0.000000 0.000000 1.000000
0.997236 -0.015910 0.072579 -0.000000 0.017520 0.999613 -0.021594 12.981900 -0.072208 0.022806 0.997129 0.000000 0.000000 0.000000 0.000000 1.000000
0.997245 -0.015562 0.072528 0.000000 0.017319 0.999570 -0.023664 12.981900 -0.072128 0.024855 0.997086 0.000000 0.000000 0.000000 0.000000 1.000000
0.997256 -0.015166 0.072464 0.000000 0.017069 0.999524 -0.025714 12.981900 -0.072040 0.026880 0.997040 0.000000 0.000000 0.000000 0.000000 1.000000
0.997268 -0.014721 0.072388 -0.000000 0.016768 0.999474 -0.027750 12.981900 -0.071942 0.028888 0.996990 0.000000 0.000000 0.000000 0.000000 1.000000
0.997286 -0.014084 0.072266 0.000000 0.016270 0.999425 -0.029747 12.981900 -0.071806 0.030842 0.996942 0.000000 0.000000 0.000000 0.000000 1.000000
0.997324 -0.013437 0.071863 0.000000 0.015759 0.999368 -0.031848 12.981900 -0.071390 0.032896 0.996906 -0.000000 0.000000 0.000000 0.000000 1.000000
0.997368 -0.012907 0.071343 -0.000000 0.015368 0.999302 -0.034052 12.981900 -0.070854 0.035059 0.996870 -0.000000 0.000000 0.000000 0.000000 1.000000
0.997411 -0.012528 0.070818 0.000000 0.015106 0.999238 -0.035983 12.981900 -0.070313 0.036959 0.996840 0.000000 0.000000 0.000000 0.000000 1.000000
0.997452 -0.012180 0.070295 -0.000000 0.014868 0.999173 -0.037852 12.981900 -0.069775 0.038800 0.996808 0.000000 0.000000 0.000000 0.000000 1.000000
0.997488 -0.011849 0.069833 0.000000 0.014639 0.999110 -0.039568 12.981900 -0.069302 0.040491 0.996774 0.000000 0.000000 0.000000 0.000000 1.000000
0.997515 -0.011535 0.069506 -0.000000 0.014405 0.999058 -0.040944 12.981900 -0.068968 0.041844 0.996741 0.000000 0.000000 0.000000 0.000000 1.000000
0.997533 -0.011267 0.069294 -0.000000 0.014208 0.999012 -0.042098 12.981900 -0.068751 0.042978 0.996708 0.000000 0.000000 0.000000 0.000000 1.000000
0.997546 -0.011044 0.069144 0.000000 0.014054 0.998967 -0.043205 12.981900 -0.068596 0.044071 0.996671 -0.000000 0.000000 0.000000 0.000000 1.000000
0.997555 -0.010847 0.069035 -0.000000 0.013925 0.998923 -0.044266 12.981900 -0.068480 0.045119 0.996632 0.000000 0.000000 0.000000 0.000000 1.000000
0.997564 -0.010691 0.068937 0.000000 0.013841 0.998874 -0.045376 12.981900 -0.068374 0.046220 0.996589 0.000000 0.000000 0.000000 0.000000 1.000000
0.997571 -0.010593 0.068849 -0.000000 0.013824 0.998817 -0.046618 12.981900 -0.068274 0.047456 0.996537 0.000000 0.000000 0.000000 0.000000 1.000000
0.997577 -0.010537 0.068773 0.000000 0.013853 0.998756 -0.047907 12.981900 -0.068183 0.048744 0.996481 0.000000 0.000000 0.000000 0.000000 1.000000
0.997583 -0.010492 0.068690 0.000000 0.013884 0.998698 -0.049092 12.981900 -0.068085 0.049927 0.996429 0.000000 0.000000 0.000000 0.000000 1.000000
0.997591 -0.010448 0.068586 -0.000000 0.013904 0.998647 -0.050110 12.981900 -0.067969 0.050943 0.996386 0.000000 0.000000 0.000000 0.000000 1.000000
0.997599 -0.010414 0.068474 -0.000000 0.013927 0.998600 -0.051023 12.981900 -0.067847 0.051855 0.996347 0.000000 0.000000 0.000000 0.000000 1.000000
0.997606 -0.010384 0.068371 -0.000000 0.013948 0.998557 -0.051863 12.981900 -0.067734 0.052692 0.996311 0.000000 0.000000 0.000000 0.000000 1.000000
0.997610 -0.010365 0.068320 -0.000000 0.013959 0.998531 -0.052345 12.981900 -0.067677 0.053174 0.996289 -0.000000 0.000000 0.000000 0.000000 1.000000
0.997568 -0.010540 0.068896 0.000000 0.014155 0.998536 -0.052198 12.981900 -0.068245 0.053046 0.996257 -0.000000 0.000000 0.000000 0.000000 1.000000
0.997522 -0.010736 0.069537 0.000000 0.014371 0.998544 -0.051985 12.981900 -0.068877 0.052856 0.996224 0.000000 0.000000 0.000000 0.000000 1.000000
0.997472 -0.010943 0.070215 0.000000 0.014597 0.998554 -0.051735 12.981900 -0.069547 0.052629 0.996189 0.000000 0.000000 0.000000 0.000000 1.000000
0.997421 -0.011154 0.070902 0.000000 0.014826 0.998564 -0.051474 12.981900 -0.070226 0.052393 0.996154 -0.000000 0.000000 0.000000 0.000000 1.000000
0.997371 -0.011359 0.071571 -0.000000 0.015049 0.998573 -0.051233 12.981900 -0.070887 0.052175 0.996119 0.000000 0.000000 0.000000 0.000000 1.000000</float_array>
        <technique_common>
          <accessor source="#mixamorig_Spine1-Matrix-animation-output-transform-array" count="56" stride="16">
            <param type="float4x4"/>
          </accessor>
        </technique_common>
      </source>
      <source id="mixamorig_Spine1-Interpolations">
        <Name_array id="mixamorig_Spine1-Interpolations-array" count="56">
 LINEAR LINEAR LINEAR LINEAR LINEAR LINEAR LINEAR LINEAR LINEAR LINEAR LINEAR
LINEAR LINEAR LINEAR LINEAR LINEAR LINEAR LINEAR LINEAR LINEAR LINEAR LINEAR LINEAR
LINEAR LINEAR LINEAR LINEAR LINEAR LINEAR LINEAR LINEAR LINEAR LINEAR LINEAR LINEAR
LINEAR LINEAR LINEAR LINEAR LINEAR LINEAR LINEAR LINEAR LINEAR LINEAR LINEAR LINEAR
LINEAR LINEAR LINEAR LINEAR LINEAR LINEAR LINEAR LINEAR LINEAR</Name_array>
        <technique_common>
          <accessor source="#mixamorig_Spine1-Interpolations-array" count="56">
            <param type="name"/>
          </accessor>
        </technique_common>
      </source>
      <sampler id="mixamorig_Spine1-Matrix-animation-transform">
        <input semantic="INPUT" source="#mixamorig_Spine1-Matrix-animation-input"/>
        <input semantic="OUTPUT" source="#mixamorig_Spine1-Matrix-animation-output-transform"/>
        <input semantic="INTERPOLATION" source="#mixamorig_Spine1-Interpolations"/>
      </sampler>
      <channel source="#mixamorig_Spine1-Matrix-animation-transform" target="mixamorig_Spine1/matrix"/>
    </animation>
    <animation id="mixamorig_Spine2-anim" name="mixamorig_Spine2">
      <source id="mixamorig_Spine2-Matrix-animation-input">
        <float_array id="mixamorig_Spine2-Matrix-animation-input-array" count="56">

0.000000 0.033333 0.066667 0.100000 0.133333 0.166667 0.200000 0.233333 0.266667 0.300000 0.333333 0.366667 0.400000 0.433333 0.466667 0.500000
0.533333 0.566667 0.600000 0.633333 0.666667 0.700000 0.733333 0.766667 0.800000 0.833333 0.866667 0.900000 0.933333 0.966667 1.000000 1.033333
1.066667 1.100000 1.133333 1.166667 1.200000 1.233333 1.266667 1.300000 1.333333 1.366667 1.400000 1.433333 1.466667 1.500000 1.533333 1.566667
1.600000 1.633333 1.666667 1.700000 1.733333 1.766667 1.800000 1.833333</float_array>
        <technique_common>
          <accessor source="#mixamorig_Spine2-Matrix-animation-input-array" count="56">
            <param name="TIME" type="float"/>
          </accessor>
        </technique_common>
      </source>
      <source id="mixamorig_Spine2-Matrix-animation-output-transform">
        <float_array id="mixamorig_Spine2-Matrix-animation-output-transform-array" count="896">

0.997400 -0.027206 0.066736 0.000000 0.016498 0.987614 0.156035 14.836500 -0.070155 -0.154528 0.985495 0.000000 0.000000 0.000000 0.000000 1.000000
0.997493 -0.026667 0.065555 -0.000000 0.016137 0.987593 0.156205 14.836500 -0.068907 -0.154756 0.985547 0.000000 0.000000 0.000000 0.000000 1.000000
0.997591 -0.026117 0.064261 0.000000 0.015767 0.987537 0.156593 14.836500 -0.067550 -0.155203 0.985570 0.000000 0.000000 0.000000 0.000000 1.000000
0.997714 -0.025460 0.062597 0.000000 0.015324 0.987420 0.157373 14.836500 -0.065817 -0.156054 0.985553 0.000000 0.000000 0.000000 0.000000 1.000000
0.997840 -0.024790 0.060835 0.000000 0.014874 0.987272 0.158345 14.836500 -0.063986 -0.157098 0.985508 0.000000 0.000000 0.000000 0.000000 1.000000
0.997935 -0.024360 0.059429 0.000000 0.014590 0.987073 0.159603 14.836500 -0.062549 -0.158407 0.985391 -0.000000 0.000000 0.000000 0.000000 1.000000
0.997971 -0.024506 0.058763 -0.000000 0.014721 0.986761 0.161509 14.836500 -0.061943 -0.160316 0.985120 0.000000 0.000000 0.000000 0.000000 1.000000
0.997952 -0.025006 0.058874 -0.000000 0.015056 0.986389 0.163739 14.836500 -0.062167 -0.162517 0.984745 0.000000 0.000000 0.000000 0.000000 1.000000
0.997910 -0.025496 0.059375 0.000000 0.015326 0.986036 0.165828 14.836500 -0.062774 -0.164571 0.984366 -0.000000 0.000000 0.000000 0.000000 1.000000
0.997865 -0.026002 0.059918 0.000000 0.015601 0.985675 0.167931 14.836500 -0.063426 -0.166638 0.983976 -0.000000 0.000000 0.000000 0.000000 1.000000
0.997816 -0.026521 0.060495 0.000000 0.015879 0.985308 0.170044 14.836500 -0.064116 -0.168712 0.983578 0.000000 0.000000 0.000000 0.000000 1.000000
0.997765 -0.027050 0.061100 0.000000 0.016160 0.984936 0.172161 14.836500 -0.064836 -0.170789 0.983172 0.000000 0.000000 0.000000 0.000000 1.000000
0.997712 -0.027587 0.061725 -0.000000 0.016441 0.984560 0.174276 14.836500 -0.065580 -0.172862 0.982760 -0.000000 0.000000 0.000000 0.000000 1.000000
0.997657 -0.028127 0.062364 0.000000 0.016721 0.984180 0.176383 14.836500 -0.066339 -0.174927 0.982344 -0.000000 0.000000 0.000000 0.000000 1.000000
0.997601 -0.028669 0.063011 -0.000000 0.016999 0.983797 0.178478 14.836500 -0.067106 -0.176978 0.981924 0.000000 0.000000 0.000000 0.000000 1.000000
0.997544 -0.029208 0.063658 0.000000 0.017272 0.983414 0.180553 14.836500 -0.067875 -0.179010 0.981503 0.000000 0.000000 0.000000 0.000000 1.000000
0.997487 -0.029742 0.064298 -0.000000 0.017540 0.983030 0.182605 14.836500 -0.068638 -0.181018 0.981082 0.000000 0.000000 0.000000 0.000000 1.000000
0.997431 -0.030267 0.064927 0.000000 0.017800 0.982648 0.184626 14.836500 -0.069388 -0.182996 0.980662 0.000000 0.000000 0.000000 0.000000 1.000000
0.997375 -0.030780 0.065535 -0.000000 0.018052 0.982268 0.186612 14.836500 -0.070117 -0.184939 0.980245 0.000000 0.000000 0.000000 0.000000 1.000000
0.997323 -0.031153 0.066153 0.000000 0.018193 0.981973 0.188144 14.836500 -0.070822 -0.186437 0.979911 -0.000000 0.000000 0.000000 0.000000 1.000000
0.997275 -0.031425 0.066753 -0.000000 0.018263 0.981744 0.189326 14.836500 -0.071484 -0.187591 0.979643 0.000000 0.000000 0.000000 0.000000 1.000000
0.997235 -0.031691 0.067219 -0.000000 0.018357 0.981534 0.190406 14.836500 -0.072012 -0.188646 0.979401 0.000000 0.000000 0.000000 0.000000 1.000000
0.997215 -0.031906 0.067415 0.000000 0.018481 0.981395 0.191106 14.836500 -0.072258 -0.189328 0.979252 0.000000 0.000000 0.000000 0.000000 1.000000
0.997213 -0.032044 0.067382 0.000000 0.018607 0.981353 0.191313 14.836500 -0.072256 -0.189526 0.979213 -0.000000 0.000000 0.000000 0.000000 1.000000
0.997224 -0.032103 0.067177 -0.000000 0.018721 0.981396 0.191080 14.836500 -0.072061 -0.189292 0.979273 0.000000 0.000000 0.000000 0.000000 1.000000
0.997240 -0.032020 0.066989 0.000000 0.018768 0.981637 0.189832 14.836500 -0.071837 -0.188051 0.979529 0.000000 0.000000 0.000000 0.000000 1.000000
0.997255 -0.031931 0.066798 0.000000 0.018813 0.981894 0.188493 14.836500 -0.071608 -0.186719 0.979800 0.000000 0.000000 0.000000 0.000000 1.000000
0.997271 -0.031829 0.066611 0.000000 0.018851 0.982163 0.187084 14.836500 -0.071378 -0.185318 0.980083 -0.000000 0.000000 0.000000 0.000000 1.000000
0.997287 -0.031711 0.066434 0.000000 0.018873 0.982439 0.185625 14.836500 -0.071154 -0.183867 0.980372 0.000000 0.000000 0.000000 0.000000 1.000000
0.997302 -0.031571 0.066273 -0.000000 0.018873 0.982720 0.184135 14.836500 -0.070941 -0.182387 0.980664 0.000000 0.000000 0.000000 0.000000 1.000000
0.997314 -0.031185 0.066269 0.000000 0.018641 0.983104 0.182094 14.836500 -0.070828 -0.180369 0.981046 0.000000 0.000000 0.000000 0.000000 1.000000
0.997327 -0.030744 0.066281 0.000000 0.018349 0.983482 0.180075 14.836500 -0.070722 -0.178378 0.981417 -0.000000 0.000000 0.000000 0.000000 1.000000
0.997345 -0.030251 0.066247 -0.000000 0.018014 0.983853 0.178069 14.836500 -0.070564 -0.176403 0.981786 0.000000 0.000000 0.000000 0.000000 1.000000
0.997384 -0.029557 0.065969 0.000000 0.017519 0.984216 0.176104 14.836500 -0.070133 -0.174487 0.982159 0.000000 0.000000 0.000000 0.000000 1.000000
0.997430 -0.028801 0.065604 0.000000 0.016983 0.984593 0.174033 14.836500 -0.069605 -0.172472 0.982552 0.000000 0.000000 0.000000 0.000000 1.000000
0.997479 -0.028141 0.065140 0.000000 0.016565 0.984982 0.171859 14.836500 -0.068998 -0.170346 0.982966 -0.000000 0.000000 0.000000 0.000000 1.000000
0.997523 -0.027719 0.064650 0.000000 0.016365 0.985315 0.169958 14.836500 -0.068412 -0.168479 0.983328 -0.000000 0.000000 0.000000 0.000000 1.000000
0.997565 -0.027346 0.064156 -0.000000 0.016207 0.985634 0.168119 14.836500 -0.067832 -0.166670 0.983677 0.000000 0.000000 0.000000 0.000000 1.000000
