<?xml version="1.0" encoding="utf-8"?>
<COLLADA xmlns="http://www.collada.org/2005/11/COLLADASchema" version="1.4.1">
  <asset>
    <contributor>
      <author>Mixamo</author>
      <authoring_tool>COLLADA Mixamo exporter</authoring_tool>
      <comments/>
    </contributor>
    <created>2024-04-15T18:40:15Z</created>
    <modified>2024-04-15T18:40:15Z</modified>
    <revision/>
    <title/>
    <unit meter="0.010000"/>
    <up_axis>Y_UP</up_axis>
  </asset>
  <library_animations>
    <animation id="mixamorig_Hips-anim" name="mixamorig_Hips">
      <source id="mixamorig_Hips-Matrix-animation-input">
        <float_array id="mixamorig_Hips-Matrix-animation-input-array" count="42">

0.000000 0.033333 0.066667 0.100000 0.133333 0.166667 0.200000 0.233333 0.266667 0.300000 0.333333 0.366667 0.400000 0.433333 0.466667 0.500000
0.533333 0.566667 0.600000 0.633333 0.666667 0.700000 0.733333 0.766667 0.800000 0.833333 0.866667 0.900000 0.933333 0.966667 1.000000 1.033333
1.066667 1.100000 1.133333 1.166667 1.200000 1.233333 1.266667 1.300000 1.333333 1.366667</float_array>
        <technique_common>
          <accessor source="#mixamorig_Hips-Matrix-animation-input-array" count="42">
            <param name="TIME" type="float"/>
          </accessor>
        </technique_common>
      </source>
      <source id="mixamorig_Hips-Matrix-animation-output-transform">
        <float_array id="mixamorig_Hips-Matrix-animation-output-transform-array" count="672">

0.998500 -0.054116 -0.008362 0.231433 0.053261 0.995268 -0.081267 98.728012 0.012721 0.080700 0.996657 0.063918 0.000000 0.000000 0.000000 1.000000
0.998725 -0.047697 -0.016553 0.503295 0.046318 0.996067 -0.075537 99.304070 0.020091 0.074674 0.997006 -0.594095 0.000000 0.000000 0.000000 1.000000
0.998862 -0.039222 -0.027128 0.826049 0.037270 0.996917 -0.069051 99.672150 0.029753 0.067961 0.997244 -0.973281 0.000000 0.000000 0.000000 1.000000
0.998800 -0.028964 -0.039492 1.255084 0.026474 0.997713 -0.062195 99.615227 0.041203 0.061075 0.997282 -1.247831 0.000000 0.000000 0.000000 1.000000
0.998455 -0.017992 -0.052565 1.797115 0.015084 0.998361 -0.055204 99.097961 0.053472 0.054326 0.997090 -1.267319 0.000000 0.000000 0.000000 1.000000
0.997833 -0.007662 -0.065355 2.439537 0.004520 0.998833 -0.048080 98.138451 0.065647 0.047680 0.996703 -0.928491 0.000000 0.000000 0.000000 1.000000
0.997024 0.000878 -0.077091 3.213773 -0.004062 0.999145 -0.041153 96.825272 0.076989 0.041343 0.996174 -0.282424 0.000000 0.000000 0.000000 1.000000
0.996133 0.008338 -0.087456 4.173466 -0.011410 0.999333 -0.034690 95.076973 0.087108 0.035554 0.995564 0.727776 0.000000 0.000000 0.000000 1.000000
0.995308 0.013912 -0.095754 5.238715 -0.016737 0.999446 -0.028767 93.120872 0.095300 0.030235 0.994989 2.001937 0.000000 0.000000 0.000000 1.000000
0.994717 0.016920 -0.101249 6.368078 -0.019369 0.999542 -0.023251 91.360374 0.100809 0.025089 0.994589 3.281878 0.000000 0.000000 0.000000 1.000000
0.994567 0.017157 -0.102676 7.407178 -0.019372 0.999600 -0.020618 90.253075 0.102281 0.022495 0.994501 4.282172 0.000000 0.000000 0.000000 1.000000
0.995158 0.017917 -0.096642 8.256257 -0.020314 0.999509 -0.023873 89.897064 0.096167 0.025720 0.995033 4.825859 0.000000 0.000000 0.000000 1.000000
0.996423 0.019131 -0.082312 8.847478 -0.021989 0.999181 -0.033956 90.246506 0.081595 0.035645 0.996028 4.986391 0.000000 0.000000 0.000000 1.000000
0.997835 0.020935 -0.062346 9.183734 -0.023887 0.998610 -0.046985 91.031105 0.061275 0.048372 0.996948 4.911448 0.000000 0.000000 0.000000 1.000000
0.998836 0.022720 -0.042557 9.424544 -0.025220 0.997929 -0.059176 92.143440 0.041124 0.060181 0.997340 4.705403 0.000000 0.000000 0.000000 1.000000
0.999271 0.026546 -0.027430 9.628190 -0.028415 0.997129 -0.070186 93.383240 0.025488 0.070914 0.997157 4.288248 0.000000 0.000000 0.000000 1.000000
0.999357 0.030399 -0.019014 9.782619 -0.031831 0.996271 -0.080191 94.632629 0.016505 0.080745 0.996598 3.626774 0.000000 0.000000 0.000000 1.000000
0.999285 0.033244 -0.018011 9.881845 -0.034708 0.995494 -0.088245 95.884575 0.014997 0.088807 0.995936 2.847125 0.000000 0.000000 0.000000 1.000000
0.999189 0.035782 -0.018481 9.968430 -0.037395 0.994691 -0.095868 97.132103 0.014953 0.096482 0.995222 2.046235 0.000000 0.000000 0.000000 1.000000
0.999126 0.036801 -0.019814 10.018358 -0.038647 0.993967 -0.102649 98.301331 0.015917 0.103325 0.994520 1.260024 0.000000 0.000000 0.000000 1.000000
0.999143 0.034479 -0.022891 9.987345 -0.036752 0.993506 -0.107682 99.320251 0.019030 0.108431 0.993922 0.513128 0.000000 0.000000 0.000000 1.000000
0.999207 0.029652 -0.026568 9.900604 -0.032437 0.993247 -0.111391 100.159912 0.023086 0.112165 0.993421 -0.207721 0.000000 0.000000 0.000000 1.000000
0.999374 0.021432 -0.028147 9.754797 -0.024492 0.993256 -0.113329 100.542091 0.025529 0.113947 0.993159 -0.884388 0.000000 0.000000 0.000000 1.000000
0.999587 0.010457 -0.026762 9.543620 -0.013445 0.993387 -0.114022 100.443291 0.025392 0.114335 0.993118 -1.454500 0.000000 0.000000 0.000000 1.000000
0.999746 -0.002255 -0.022427 9.195801 -0.000317 0.993478 -0.114025 99.763008 0.022538 0.114003 0.993225 -1.875522 0.000000 0.000000 0.000000 1.000000
0.999736 -0.014762 -0.017597 8.788705 0.012667 0.993433 -0.113715 98.892960 0.019160 0.113462 0.993358 -2.225129 0.000000 0.000000 0.000000 1.000000
0.999613 -0.024484 -0.013213 8.221866 0.022838 0.993339 -0.112945 97.655540 0.015890 0.112599 0.993513 -2.366751 0.000000 0.000000 0.000000 1.000000
0.999474 -0.030780 -0.010176 7.447416 0.029454 0.993318 -0.111590 96.008171 0.013542 0.111232 0.993702 -1.819100 0.000000 0.000000 0.000000 1.000000
0.999311 -0.036367 -0.007411 6.632232 0.035331 0.993290 -0.110124 94.292160 0.011366 0.109786 0.993890 -1.132284 0.000000 0.000000 0.000000 1.000000
0.999156 -0.040810 -0.004770 5.788146 0.040049 0.993247 -0.108892 92.707771 0.009182 0.108609 0.994042 -0.286639 0.000000 0.000000 0.000000 1.000000
0.999106 -0.042210 -0.002267 4.882535 0.041718 0.993274 -0.108010 91.410797 0.006810 0.107819 0.994147 0.932603 0.000000 0.000000 0.000000 1.000000
0.999071 -0.043087 0.000012 3.948895 0.042836 0.993221 -0.108062 90.396454 0.004644 0.107963 0.994144 2.291311 0.000000 0.000000 0.000000 1.000000
0.998805 -0.048844 0.001795 3.056192 0.048739 0.992571 -0.111475 90.048050 0.003664 0.111429 0.993766 3.344990 0.000000 0.000000 0.000000 1.000000
0.998369 -0.057044 0.002426 2.222926 0.056950 0.991869 -0.113813 90.246780 0.004086 0.113765 0.993499 3.971095 0.000000 0.000000 0.000000 1.000000
0.997905 -0.064664 0.002074 1.502451 0.064482 0.991460 -0.113355 90.888901 0.005274 0.113252 0.993552 4.148991 0.000000 0.000000 0.000000 1.000000
0.997543 -0.070045 0.001113 0.920376 0.069742 0.991485 -0.109971 91.820938 0.006599 0.109779 0.993934 3.917274 0.000000 0.000000 0.000000 1.000000
0.997395 -0.072136 0.000658 0.500539 0.071793 0.991684 -0.106808 92.907852 0.007052 0.106577 0.994279 3.434434 0.000000 0.000000 0.000000 1.000000
0.997544 -0.070048 0.000035 0.287025 0.069684 0.992296 -0.102431 94.138359 0.007140 0.102182 0.994740 2.836316 0.000000 0.000000 0.000000 1.000000
0.997742 -0.067155 -0.000616 0.114718 0.066772 0.992962 -0.097817 95.394493 0.007180 0.097555 0.995204 2.215364 0.000000 0.000000 0.000000 1.000000
0.997952 -0.063949 -0.001606 -0.017229 0.063522 0.993628 -0.093104 96.629936 0.007550 0.092811 0.995655 1.574901 0.000000 0.000000 0.000000 1.000000
0.998227 -0.059357 -0.004497 0.052336 0.058733 0.994392 -0.087951 97.746460 0.009693 0.087531 0.996115 0.837989 0.000000 0.000000 0.000000 1.000000
0.998500 -0.054117 -0.008362 0.231438 0.053261 0.995268 -0.081267 98.727989 0.012721 0.080700 0.996657 0.063920 0.000000 0.000000 0.000000 1.000000</float_array>
        <technique_common>
          <accessor source="#mixamorig_Hips-Matrix-animation-output-transform-array" count="42" stride="16">
            <param type="float4x4"/>
          </accessor>
        </technique_common>
      </source>
      <source id="mixamorig_Hips-Interpolations">
        <Name_array id="mixamorig_Hips-Interpolations-array" count="42">
 LINEAR LINEAR LINEAR LINEAR LINEAR LINEAR LINEAR LINEAR LINEAR LINEAR LINEAR
LINEAR LINEAR LINEAR LINEAR LINEAR LINEAR LINEAR LINEAR LINEAR LINEAR LINEAR LINEAR
LINEAR LINEAR LINEAR LINEAR LINEAR LINEAR LINEAR LINEAR LINEAR LINEAR LINEAR LINEAR
LINEAR LINEAR LINEAR LINEAR LINEAR LINEAR LINEAR</Name_array>
        <technique_common>
          <accessor source="#mixamorig_Hips-Interpolations-array" count="42">
            <param type="name"/>
          </accessor>
        </technique_common>
      </source>
      <sampler id="mixamorig_Hips-Matrix-animation-transform">
        <input semantic="INPUT" source="#mixamorig_Hips-Matrix-animation-input"/>
        <input semantic="OUTPUT" source="#mixamorig_Hips-Matrix-animation-output-transform"/>
        <input semantic="INTERPOLATION" source="#mixamorig_Hips-Interpolations"/>
      </sampler>
      <channel source="#mixamorig_Hips-Matrix-animation-transform" target="mixamorig_Hips/matrix"/>
    </animation>
    <animation id="mixamorig_Spine-anim" name="mixamorig_Spine">
      <source id="mixamorig_Spine-Matrix-animation-input">
        <float_array id="mixamorig_Spine-Matrix-animation-input-array" count="42">

0.000000 0.033333 0.066667 0.100000 0.133333 0.166667 0.200000 0.233333 0.266667 0.300000 0.333333 0.366667 0.400000 0.433333 0.466667 0.500000
0.533333 0.566667 0.600000 0.633333 0.666667 0.700000 0.733333 0.766667 0.800000 0.833333 0.866667 0.900000 0.933333 0.966667 1.000000 1.033333
1.066667 1.100000 1.133333 1.166667 1.200000 1.233333 1.266667 1.300000 1.333333 1.366667</float_array>
        <technique_common>
          <accessor source="#mixamorig_Spine-Matrix-animation-input-array" count="42">
            <param name="TIME" type="float"/>
          </accessor>
        </technique_common>
      </source>
      <source id="mixamorig_Spine-Matrix-animation-output-transform">
        <float_array id="mixamorig_Spine-Matrix-animation-output-transform-array" count="672">

0.999426 0.022047 0.025725 0.000000 -0.015105 0.969615 -0.244168 11.947200 -0.030326 0.243640 0.969392 0.453200 0.000000 0.000000 0.000000 1.000000
0.999213 0.024393 0.031270 0.000000 -0.016124 0.970231 -0.241643 11.947200 -0.036233 0.240948 0.969861 0.453200 0.000000 0.000000 0.000000 1.000000
0.998927 0.025383 0.038724 0.000000 -0.015429 0.971023 -0.238489 11.947200 -0.043656 0.237636 0.970373 0.453200 0.000000 0.000000 0.000000 1.000000
0.998566 0.026315 0.046621 0.000000 -0.014650 0.971929 -0.234816 11.947200 -0.051491 0.233796 0.970921 0.453200 0.000000 0.000000 0.000000 1.000000
0.998179 0.024802 0.054979 0.000000 -0.011523 0.973166 -0.229814 11.947200 -0.059204 0.228762 0.971680 0.453200 0.000000 0.000000 0.000000 1.000000
0.997779 0.022541 0.062674 0.000000 -0.007702 0.973730 -0.227575 11.947200 -0.066158 0.226587 0.971741 0.453200 0.000000 0.000000 0.000000 1.000000
0.997391 0.021606 0.068886 -0.000000 -0.005444 0.973962 -0.226646 11.947200 -0.071989 0.225680 0.971538 0.453200 0.000000 0.000000 0.000000 1.000000
0.997024 0.022803 0.073644 -0.000000 -0.005458 0.973738 -0.227606 11.947200 -0.076900 0.226526 0.970965 0.453200 0.000000 0.000000 0.000000 1.000000
0.996752 0.025452 0.076406 0.000000 -0.007276 0.973328 -0.229301 11.947200 -0.080205 0.228000 0.970352 0.453200 0.000000 0.000000 0.000000 1.000000
0.996596 0.028868 0.077218 0.000000 -0.010093 0.972365 -0.233247 11.947200 -0.081817 0.231674 0.969347 0.453200 0.000000 0.000000 0.000000 1.000000
0.996362 0.041366 0.074509 0.000000 -0.021719 0.968681 -0.247357 11.947200 -0.082407 0.244838 0.966056 0.453200 0.000000 0.000000 0.000000 1.000000
0.996471 0.046125 0.070123 0.000000 -0.026688 0.966226 -0.256311 11.947200 -0.079577 0.253535 0.964047 0.453200 0.000000 0.000000 0.000000 1.000000
0.997138 0.041492 0.063195 0.000000 -0.024009 0.966457 -0.255706 11.947200 -0.071685 0.253457 0.964687 0.453200 0.000000 0.000000 0.000000 1.000000
0.997762 0.040694 0.053061 0.000000 -0.025804 0.966355 -0.255913 11.947200 -0.061690 0.253971 0.965242 0.453200 0.000000 0.000000 0.000000 1.000000
0.998403 0.035034 0.044319 -0.000000 -0.022571 0.966526 -0.255573 11.947200 -0.051789 0.254165 0.965773 0.453200 0.000000 0.000000 0.000000 1.000000
0.998936 0.025582 0.038360 0.000000 -0.015121 0.967715 -0.251591 11.947200 -0.043558 0.250744 0.967073 0.453200 0.000000 0.000000 0.000000 1.000000
0.999238 0.021489 0.032582 0.000000 -0.012809 0.969104 -0.246321 11.947200 -0.036868 0.245716 0.968641 0.453200 0.000000 0.000000 0.000000 1.000000
0.999535 0.016727 0.025514 0.000000 -0.010045 0.970106 -0.242473 11.947200 -0.028807 0.242104 0.969822 0.453200 0.000000 0.000000 0.000000 1.000000
0.999764 0.011891 0.018155 0.000000 -0.007211 0.971013 -0.238918 11.947200 -0.020469 0.238731 0.970870 0.453200 0.000000 0.000000 0.000000 1.000000
0.999919 0.007300 0.010425 -0.000000 -0.004643 0.971932 -0.235215 11.947200 -0.011849 0.235148 0.971887 0.453200 0.000000 0.000000 0.000000 1.000000
0.999993 0.003201 0.001878 0.000000 -0.002681 0.972981 -0.230871 11.947200 -0.002566 0.230865 0.972983 0.453200 0.000000 0.000000 0.000000 1.000000
0.999975 -0.000394 -0.007034 0.000000 -0.001210 0.973995 -0.226565 11.947200 0.006940 0.226568 0.973971 0.453200 0.000000 0.000000 0.000000 1.000000
0.999875 -0.002910 -0.015517 0.000000 -0.000634 0.974677 -0.223616 11.947200 0.015775 0.223598 0.974554 0.453200 0.000000 0.000000 0.000000 1.000000
0.999672 -0.003927 -0.025304 -0.000000 -0.001756 0.975336 -0.220720 11.947200 0.025547 0.220692 0.975009 0.453200 0.000000 0.000000 0.000000 1.000000
0.999397 -0.002625 -0.034612 0.000000 -0.005036 0.975622 -0.219401 11.947200 0.034344 0.219443 0.975021 0.453200 0.000000 0.000000 0.000000 1.000000
0.999070 -0.000854 -0.043109 0.000000 -0.008591 0.975816 -0.218424 11.947200 0.042253 0.218591 0.974901 0.453200 0.000000 0.000000 0.000000 1.000000
0.998844 0.000917 -0.048055 -0.000000 -0.011376 0.975922 -0.217825 11.947200 0.046698 0.218120 0.974804 0.453200 0.000000 0.000000 0.000000 1.000000
0.998752 0.001672 -0.049914 -0.000000 -0.012548 0.975780 -0.218392 11.947200 0.048340 0.218746 0.974584 0.453200 0.000000 0.000000 0.000000 1.000000
0.998690 0.002119 -0.051118 -0.000000 -0.013294 0.975569 -0.219289 11.947200 0.049404 0.219682 0.974320 0.453200 0.000000 0.000000 0.000000 1.000000
0.998695 0.000733 -0.051062 0.000000 -0.012064 0.974983 -0.221954 11.947200 0.049622 0.222280 0.973719 0.453200 0.000000 0.000000 0.000000 1.000000
0.998827 -0.006167 -0.048034 -0.000000 -0.005031 0.973277 -0.229581 11.947200 0.048166 0.229553 0.972104 0.453200 0.000000 0.000000 0.000000 1.000000
0.998974 -0.012994 -0.043377 -0.000000 0.002307 0.971303 -0.237835 11.947200 0.045223 0.237490 0.970337 0.453200 0.000000 0.000000 0.000000 1.000000
0.999205 -0.007504 -0.039154 -0.000000 -0.002035 0.971245 -0.238075 11.947200 0.039815 0.237965 0.970457 0.453200 0.000000 0.000000 0.000000 1.000000
0.999427 0.000325 -0.033859 0.000000 -0.008224 0.972341 -0.233419 11.947200 0.032847 0.233564 0.971787 0.453200 0.000000 0.000000 0.000000 1.000000
0.999606 0.006215 -0.027383 -0.000000 -0.012509 0.971651 -0.236089 11.947200 0.025140 0.236338 0.971346 0.453200 0.000000 0.000000 0.000000 1.000000
0.999647 0.015913 -0.021261 0.000000 -0.020468 0.971773 -0.235027 11.947200 0.016921 0.235380 0.971756 0.453200 0.000000 0.000000 0.000000 1.000000
0.999714 0.018984 -0.014560 0.000000 -0.021879 0.971678 -0.235293 11.947200 0.009681 0.235544 0.971815 0.453200 0.000000 0.000000 0.000000 1.000000
0.999791 0.019280 -0.006762 0.000000 -0.020339 0.970637 -0.239686 11.947200 0.001942 0.239773 0.970827 0.453200 0.000000 0.000000 0.000000 1.000000
0.999816 0.019147 0.001249 0.000000 -0.018259 0.969414 -0.244753 11.947200 -0.005897 0.244685 0.969585 0.453200 0.000000 0.000000 0.000000 1.000000
0.999770 0.019322 0.009317 0.000000 -0.016398 0.968426 -0.248760 11.947200 -0.013830 0.248550 0.968520 0.453200 0.000000 0.000000 0.000000 1.000000
0.999627 0.020892 0.017616 0.000000 -0.015895 0.968868 -0.247067 11.947200 -0.022229 0.246695 0.968838 0.453200 0.000000 0.000000 0.000000 1.000000
0.999426 0.022047 0.025724 0.000000 -0.015105 0.969615 -0.244168 11.947200 -0.030326 0.243640 0.969392 0.453200 0.000000 0.000000 0.000000 1.000000</float_array>
        <technique_common>
          <accessor source="#mixamorig_Spine-Matrix-animation-output-transform-array" count="42" stride="16">
            <param type="float4x4"/>
          </accessor>
        </technique_common>
      </source>
      <source id="mixamorig_Spine-Interpolations">
        <Name_array id="mixamorig_Spine-Interpolations-array" count="42">
 LINEAR LINEAR LINEAR LINEAR LINEAR LINEAR LINEAR LINEAR LINEAR LINEAR LINEAR
LINEAR LINEAR LINEAR LINEAR LINEAR LINEAR LINEAR LINEAR LINEAR LINEAR LINEAR LINEAR
LINEAR LINEAR LINEAR LINEAR LINEAR LINEAR LINEAR LINEAR LINEAR LINEAR LINEAR LINEAR
LINEAR LINEAR LINEAR LINEAR LINEAR LINEAR LINEAR</Name_array>
        <technique_common>
          <accessor source="#mixamorig_Spine-Interpolations-array" count="42">
            <param type="name"/>
          </accessor>
        </technique_common>
      </source>
      <sampler id="mixamorig_Spine-Matrix-animation-transform">
        <input semantic="INPUT" source="#mixamorig_Spine-Matrix-animation-input"/>
        <input semantic="OUTPUT" source="#mixamorig_Spine-Matrix-animation-output-transform"/>
        <input semantic="INTERPOLATION" source="#mixamorig_Spine-Interpolations"/>
      </sampler>
      <channel source="#mixamorig_Spine-Matrix-animation-transform" target="mixamorig_Spine/matrix"/>
    </animation>
    <animation id="mixamorig_Spine1-anim" name="mixamorig_Spine1">
      <source id="mixamorig_Spine1-Matrix-animation-input">
        <float_array id="mixamorig_Spine1-Matrix-animation-input-array" count="42">

0.000000 0.033333 0.066667 0.100000 0.133333 0.166667 0.200000 0.233333 0.266667 0.300000 0.333333 0.366667 0.400000 0.433333 0.466667 0.500000
0.533333 0.566667 0.600000 0.633333 0.666667 0.700000 0.733333 0.766667 0.800000 0.833333 0.866667 0.900000 0.933333 0.966667 1.000000 1.033333
1.066667 1.100000 1.133333 1.166667 1.200000 1.233333 1.266667 1.300000 1.333333 1.366667</float_array>
        <technique_common>
          <accessor source="#mixamorig_Spine1-Matrix-animation-input-array" count="42">
            <param name="TIME" type="float"/>
          </accessor>
        </technique_common>
      </source>
      <source id="mixamorig_Spine1-Matrix-animation-output-transform">
        <float_array id="mixamorig_Spine1-Matrix-animation-output-transform-array" count="672">

0.998604 0.021808 0.048112 0.000000 -0.016255 0.993472 -0.112914 13.948400 -0.050261 0.111974 0.992439 0.000000 0.000000 0.000000 0.000000 1.000000
0.997706 0.027738 0.061751 0.000000 -0.020974 0.993972 -0.107606 13.948400 -0.064364 0.106064 0.992274 0.000000 0.000000 0.000000 0.000000 1.000000
0.996664 0.032599 0.074820 0.000000 -0.024868 0.994472 -0.102019 13.948400 -0.077733 0.099818 0.991965 -0.000000 0.000000 0.000000 0.000000 1.000000
0.995624 0.036737 0.085930 0.000000 -0.028371 0.994916 -0.096633 13.948400 -0.089043 0.093772 0.991604 0.000000 0.000000 0.000000 0.000000 1.000000
0.994639 0.039083 0.095743 -0.000000 -0.030335 0.995372 -0.091181 13.948400 -0.098863 0.087787 0.991221 0.000000 0.000000 0.000000 0.000000 1.000000
0.993732 0.039971 0.104401 0.000000 -0.030929 0.995742 -0.086837 13.948400 -0.107427 0.083064 0.990737 0.000000 0.000000 0.000000 0.000000 1.000000
0.992889 0.040394 0.111980 0.000000 -0.031081 0.996007 -0.083696 13.948400 -0.114913 0.079620 0.990180 -0.000000 0.000000 0.000000 0.000000 1.000000
0.992084 0.041180 0.118629 0.000000 -0.031474 0.996089 -0.082558 13.948400 -0.121565 0.078171 0.989501 0.000000 0.000000 0.000000 0.000000 1.000000
0.991418 0.042576 0.123600 0.000000 -0.032300 0.995943 -0.083988 13.948400 -0.126674 0.079275 0.988771 0.000000 0.000000 0.000000 0.000000 1.000000
0.991080 0.044622 0.125573 -0.000000 -0.033237 0.995265 -0.091339 13.948400 -0.129054 0.086350 0.987871 0.000000 0.000000 0.000000 0.000000 1.000000
0.991224 0.047330 0.123428 -0.000000 -0.034043 0.993609 -0.107617 13.948400 -0.127732 0.102471 0.986501 0.000000 0.000000 0.000000 0.000000 1.000000
0.991781 0.048247 0.118505 -0.000000 -0.033703 0.991982 -0.121803 13.948400 -0.123431 0.116808 0.985455 0.000000 0.000000 0.000000 0.000000 1.000000
0.992781 0.046765 0.110446 0.000000 -0.032371 0.991155 -0.128699 13.948400 -0.115488 0.124194 0.985514 0.000000 0.000000 0.000000 0.000000 1.000000
0.994037 0.043929 0.099801 -0.000000 -0.030480 0.990715 -0.132497 13.948400 -0.104695 0.128665 0.986146 -0.000000 0.000000 0.000000 0.000000 1.000000
0.995366 0.038554 0.088094 -0.000000 -0.026712 0.990909 -0.131856 13.948400 -0.092377 0.128891 0.987347 0.000000 0.000000 0.000000 0.000000 1.000000
0.996580 0.031810 0.076266 -0.000000 -0.021899 0.991605 -0.127433 13.948400 -0.079679 0.125327 0.988911 -0.000000 0.000000 0.000000 0.000000 1.000000
0.997635 0.025699 0.063754 0.000000 -0.017772 0.992382 -0.121913 13.948400 -0.066402 0.120491 0.990491 -0.000000 0.000000 0.000000 0.000000 1.000000
0.998521 0.019636 0.050691 0.000000 -0.013656 0.993186 -0.115739 13.948400 -0.052618 0.114876 0.991985 0.000000 0.000000 0.000000 0.000000 1.000000
0.999205 0.013718 0.037441 -0.000000 -0.009542 0.993939 -0.109518 13.948400 -0.038717 0.109073 0.993279 -0.000000 0.000000 0.000000 0.000000 1.000000
0.999683 0.008061 0.023849 0.000000 -0.005558 0.994645 -0.103200 13.948400 -0.024553 0.103035 0.994375 0.000000 0.000000 0.000000 0.000000 1.000000
0.999951 0.002794 0.009533 0.000000 -0.001862 0.995335 -0.096457 13.948400 -0.009758 0.096435 0.995291 0.000000 0.000000 0.000000 0.000000 1.000000
0.999985 -0.002055 -0.005116 0.000000 0.001588 0.995966 -0.089717 13.948400 0.005280 0.089708 0.995954 0.000000 0.000000 0.000000 0.000000 1.000000
0.999791 -0.006242 -0.019471 -0.000000 0.004587 0.996464 -0.083901 13.948400 0.019925 0.083794 0.996284 0.000000 0.000000 0.000000 0.000000 1.000000
0.999401 -0.009398 -0.033307 0.000000 0.006748 0.996868 -0.078796 13.948400 0.033943 0.078524 0.996334 0.000000 0.000000 0.000000 0.000000 1.000000
0.998912 -0.010820 -0.045360 -0.000000 0.007381 0.997133 -0.075302 13.948400 0.046045 0.074885 0.996129 0.000000 0.000000 0.000000 0.000000 1.000000
0.998339 -0.011588 -0.056432 0.000000 0.007482 0.997345 -0.072442 13.948400 0.057122 0.071900 0.995775 0.000000 0.000000 0.000000 0.000000 1.000000
0.997864 -0.011049 -0.064390 0.000000 0.006454 0.997445 -0.071140 13.948400 0.065012 0.070572 0.995386 0.000000 0.000000 0.000000 0.000000 1.000000
0.997528 -0.010420 -0.069492 0.000000 0.005420 0.997407 -0.071756 13.948400 0.070059 0.071202 0.994998 0.000000 0.000000 0.000000 0.000000 1.000000
0.997215 -0.009817 -0.073931 0.000000 0.004420 0.997336 -0.072813 13.948400 0.074449 0.072283 0.994602 0.000000 0.000000 0.000000 0.000000 1.000000
0.997034 -0.009720 -0.076344 0.000000 0.003958 0.997155 -0.075269 13.948400 0.076858 0.074743 0.994237 -0.000000 0.000000 0.000000 0.000000 1.000000
0.997193 -0.011061 -0.074058 0.000000 0.005012 0.996672 -0.081365 13.948400 0.074711 0.080766 0.993929 -0.000000 0.000000 0.000000 0.000000 1.000000
0.997533 -0.012480 -0.069076 -0.000000 0.006332 0.996054 -0.088524 13.948400 0.069909 0.087868 0.993676 -0.000000 0.000000 0.000000 0.000000 1.000000
0.997943 -0.011322 -0.063093 -0.000000 0.005472 0.995731 -0.092135 13.948400 0.063867 0.091600 0.993746 0.000000 0.000000 0.000000 0.000000 1.000000
0.998389 -0.008765 -0.056064 0.000000 0.003505 0.995638 -0.093233 13.948400 0.056637 0.092886 0.994065 0.000000 0.000000 0.000000 0.000000 1.000000
0.998839 -0.006292 -0.047755 0.000000 0.001701 0.995422 -0.095563 13.948400 0.048137 0.095371 0.994277 0.000000 0.000000 0.000000 0.000000 1.000000
0.999253 -0.002704 -0.038562 0.000000 -0.001042 0.995303 -0.096803 13.948400 0.038642 0.096771 0.994556 -0.000000 0.000000 0.000000 0.000000 1.000000
0.999617 0.000442 -0.027663 0.000000 -0.003174 0.995103 -0.098791 13.948400 0.027483 0.098841 0.994724 0.000000 0.000000 0.000000 0.000000 1.000000
0.999897 0.003975 -0.013795 0.000000 -0.005367 0.994729 -0.102400 13.948400 0.013315 0.102464 0.994648 -0.000000 0.000000 0.000000 0.000000 1.000000
0.999970 0.007690 0.000625 0.000000 -0.007580 0.994300 -0.106347 13.948400 -0.001439 0.106339 0.994329 0.000000 0.000000 0.000000 0.000000 1.000000
0.999814 0.011692 0.015316 0.000000 -0.009936 0.993875 -0.110062 13.948400 -0.016509 0.109890 0.993807 0.000000 0.000000 0.000000 0.000000 1.000000
0.999368 0.016679 0.031392 -0.000000 -0.013058 0.993600 -0.112203 13.948400 -0.033063 0.111722 0.993189 0.000000 0.000000 0.000000 0.000000 1.000000
0.998604 0.021808 0.048112 -0.000000 -0.016255 0.993472 -0.112914 13.948400 -0.050261 0.111974 0.992439 0.000000 0.000000 0.000000 0.000000 1.000000</float_array>
        <technique_common>
          <accessor source="#mixamorig_Spine1-Matrix-animation-output-transform-array" count="42" stride="16">
            <param type="float4x4"/>
          </accessor>
        </technique_common>
      </source>
      <source id="mixamorig_Spine1-Interpolations">
        <Name_array id="mixamorig_Spine1-Interpolations-array" count="42">
 LINEAR LINEAR LINEAR LINEAR LINEAR LINEAR LINEAR LINEAR LINEAR LINEAR LINEAR
LINEAR LINEAR LINEAR LINEAR LINEAR LINEAR LINEAR LINEAR LINEAR LINEAR LINEAR LINEAR
LINEAR LINEAR LINEAR LINEAR LINEAR LINEAR LINEAR LINEAR LINEAR LINEAR LINEAR LINEAR
LINEAR LINEAR LINEAR LINEAR LINEAR LINEAR LINEAR</Name_array>
        <technique_common>
          <accessor source="#mixamorig_Spine1-Interpolations-array" count="42">
            <param type="name"/>
          </accessor>
        </technique_common>
      </source>
      <sampler id="mixamorig_Spine1-Matrix-animation-transform">
        <input semantic="INPUT" source="#mixamorig_Spine1-Matrix-animation-input"/>
        <input semantic="OUTPUT" source="#mixamorig_Spine1-Matrix-animation-output-transform"/>
        <input semantic="INTERPOLATION" source="#mixamorig_Spine1-Interpolations"/>
      </sampler>
      <channel source="#mixamorig_Spine1-Matrix-animation-transform" target="mixamorig_Spine1/matrix"/>
    </animation>
    <animation id="mixamorig_Spine2-anim" name="mixamorig_Spine2">
      <source id="mixamorig_Spine2-Matrix-animation-input">
        <float_array id="mixamorig_Spine2-Matrix-animation-input-array" count="42">

0.000000 0.033333 0.066667 0.100000 0.133333 0.166667 0.200000 0.233333 0.266667 0.300000 0.333333 0.366667 0.400000 0.433333 0.466667 0.500000
0.533333 0.566667 0.600000 0.633333 0.666667 0.700000 0.733333 0.766667 0.800000 0.833333 0.866667 0.900000 0.933333 0.966667 1.000000 1.033333
1.066667 1.100000 1.133333 1.166667 1.200000 1.233333 1.266667 1.300000 1.333333 1.366667</float_array>
        <technique_common>
          <accessor source="#mixamorig_Spine2-Matrix-animation-input-array" count="42">
            <param name="TIME" type="float"/>
          </accessor>
        </technique_common>
      </source>
      <source id="mixamorig_Spine2-Matrix-animation-output-transform">
        <float_array id="mixamorig_Spine2-Matrix-animation-output-transform-array" count="672">

0.998582 0.012513 0.051744 0.000000 -0.015635 0.998054 0.060370 15.941000 -0.050888 -0.061093 0.996834 0.000000 0.000000 0.000000 0.000000 1.000000
0.997744 0.015644 0.065289 0.000000 -0.019945 0.997636 0.065762 15.941000 -0.064106 -0.066915 0.995697 -0.000000 0.000000 0.000000 0.000000 1.000000
0.996771 0.018269 0.078190 -0.000000 -0.023871 0.997168 0.071324 15.941000 -0.076666 -0.072960 0.994384 0.000000 0.000000 0.000000 0.000000 1.000000
0.995794 0.019730 0.089475 0.000000 -0.026640 0.996698 0.076701 15.941000 -0.087667 -0.078762 0.993031 0.000000 0.000000 0.000000 0.000000 1.000000
0.994856 0.019829 0.099338 0.000000 -0.028042 0.996240 0.081970 15.941000 -0.097339 -0.084334 0.991672 0.000000 0.000000 0.000000 0.000000 1.000000
0.993969 0.019057 0.107992 -0.000000 -0.028442 0.995886 0.086037 15.941000 -0.105908 -0.088590 0.990422 -0.000000 0.000000 0.000000 0.000000 1.000000
0.993121 0.018150 0.115676 0.000000 -0.028533 0.995645 0.088748 15.941000 -0.113561 -0.091438 0.989314 0.000000 0.000000 0.000000 0.000000 1.000000
0.992292 0.018162 0.122585 0.000000 -0.029309 0.995533 0.089752 15.941000 -0.120407 -0.092653 0.988391 0.000000 0.000000 0.000000 0.000000 1.000000
0.991584 0.018923 0.128073 -0.000000 -0.030412 0.995625 0.088355 15.941000 -0.125840 -0.091507 0.987821 0.000000 0.000000 0.000000 0.000000 1.000000
0.991198 0.020193 0.130837 0.000000 -0.030978 0.996238 0.080932 15.941000 -0.128711 -0.084273 0.988095 0.000000 0.000000 0.000000 0.000000 1.000000
0.991202 0.023908 0.130184 -0.000000 -0.032651 0.997322 0.065448 15.941000 -0.128270 -0.069123 0.989327 -0.000000 0.000000 0.000000 0.000000 1.000000
0.991749 0.025430 0.125644 -0.000000 -0.032162 0.998137 0.051849 15.941000 -0.124091 -0.055462 0.990720 0.000000 0.000000 0.000000 0.000000 1.000000
0.992740 0.025225 0.117607 0.000000 -0.030621 0.998549 0.044305 15.941000 -0.116319 -0.047585 0.992071 -0.000000 0.000000 0.000000 0.000000 1.000000
0.994014 0.025032 0.106346 0.000000 -0.029514 0.998732 0.040784 15.941000 -0.105190 -0.043678 0.993492 0.000000 0.000000 0.000000 0.000000 1.000000
0.995344 0.022248 0.093781 -0.000000 -0.026229 0.998797 0.041442 15.941000 -0.092746 -0.043709 0.994730 -0.000000 0.000000 0.000000 0.000000 1.000000
0.996590 0.017688 0.080592 0.000000 -0.021417 0.998728 0.045638 15.941000 -0.079682 -0.047208 0.995702 -0.000000 0.000000 0.000000 0.000000 1.000000
0.997651 0.013890 0.067079 -0.000000 -0.017344 0.998538 0.051187 15.941000 -0.066270 -0.052230 0.996434 -0.000000 0.000000 0.000000 0.000000 1.000000
0.998540 0.010506 0.052977 -0.000000 -0.013548 0.998260 0.057392 15.941000 -0.052282 -0.058026 0.996945 0.000000 0.000000 0.000000 0.000000 1.000000
0.999223 0.007348 0.038714 0.000000 -0.009804 0.997924 0.063646 15.941000 -0.038166 -0.063976 0.997221 0.000000 0.000000 0.000000 0.000000 1.000000
0.999697 0.004457 0.024213 -0.000000 -0.006143 0.997528 0.070005 15.941000 -0.023841 -0.070132 0.997253 0.000000 0.000000 0.000000 0.000000 1.000000
0.999956 0.001941 0.009190 0.000000 -0.002642 0.997042 0.076807 15.941000 -0.009014 -0.076828 0.997004 0.000000 0.000000 0.000000 0.000000 1.000000
0.999982 -0.000178 -0.006024 0.000000 0.000681 0.996498 0.083616 15.941000 0.005988 -0.083618 0.996480 -0.000000 0.000000 0.000000 0.000000 1.000000
0.999782 -0.001759 -0.020817 -0.000000 0.003616 0.995980 0.089504 15.941000 0.020576 -0.089560 0.995769 0.000000 0.000000 0.000000 0.000000 1.000000
0.999392 -0.002110 -0.034812 -0.000000 0.005397 0.995499 0.094616 15.941000 0.034456 -0.094746 0.994905 -0.000000 0.000000 0.000000 0.000000 1.000000
0.998913 -0.001088 -0.046600 0.000000 0.005653 0.995176 0.097939 15.941000 0.046269 -0.098096 0.994101 0.000000 0.000000 0.000000 0.000000 1.000000
0.998357 0.000353 -0.057293 0.000000 0.005422 0.994913 0.100597 15.941000 0.057037 -0.100742 0.993276 -0.000000 0.000000 0.000000 0.000000 1.000000
0.997898 0.002324 -0.064765 0.000000 0.004283 0.994807 0.101691 15.941000 0.064665 -0.101754 0.992706 0.000000 0.000000 0.000000 0.000000 1.000000
0.997571 0.003758 -0.069553 0.000000 0.003292 0.994885 0.100964 15.941000 0.069577 -0.100948 0.992456 0.000000 0.000000 0.000000 0.000000 1.000000
0.997265 0.005022 -0.073732 0.000000 0.002369 0.995002 0.099823 15.941000 0.073865 -0.099725 0.992270 0.000000 0.000000 0.000000 0.000000 1.000000
0.997079 0.005369 -0.076182 0.000000 0.002085 0.995241 0.097427 15.941000 0.076343 -0.097301 0.992323 0.000000 0.000000 0.000000 0.000000 1.000000
0.997200 0.003222 -0.074712 0.000000 0.003659 0.995772 0.091781 15.941000 0.074692 -0.091797 0.992972 0.000000 0.000000 0.000000 0.000000 1.000000
0.997494 0.000634 -0.070753 -0.000000 0.005406 0.996354 0.085148 15.941000 0.070549 -0.085317 0.993853 0.000000 0.000000 0.000000 0.000000 1.000000
0.997883 0.001517 -0.065010 0.000000 0.003796 0.996664 0.081530 15.941000 0.064917 -0.081605 0.994548 0.000000 0.000000 0.000000 0.000000 1.000000
0.998330 0.002501 -0.057720 0.000000 0.002131 0.996788 0.080053 15.941000 0.057735 -0.080042 0.995118 0.000000 0.000000 0.000000 0.000000 1.000000
0.998794 0.003110 -0.049007 0.000000 0.000702 0.996987 0.077571 15.941000 0.049101 -0.077512 0.995782 -0.000000 0.000000 0.000000 0.000000 1.000000
0.999236 0.004779 -0.038801 0.000000 -0.001809 0.997088 0.076240 15.941000 0.039052 -0.076111 0.996334 0.000000 0.000000 0.000000 0.000000 1.000000
0.999609 0.005548 -0.027406 0.000000 -0.003496 0.997224 0.074380 15.941000 0.027743 -0.074255 0.996853 0.000000 0.000000 0.000000 0.000000 1.000000
0.999893 0.006350 -0.013173 0.000000 -0.005402 0.997476 0.070793 15.941000 0.013590 -0.070714 0.997404 0.000000 0.000000 0.000000 0.000000 1.000000
0.999972 0.007266 0.001612 0.000000 -0.007358 0.997736 0.066851 15.941000 -0.001123 -0.066861 0.997762 0.000000 0.000000 0.000000 0.000000 1.000000
0.999824 0.008406 0.016789 -0.000000 -0.009451 0.997960 0.063144 15.941000 -0.016224 -0.063291 0.997863 0.000000 0.000000 0.000000 0.000000 1.000000
0.999373 0.010212 0.033898 0.000000 -0.012268 0.998061 0.061019 15.941000 -0.033209 -0.061397 0.997561 0.000000 0.000000 0.000000 0.000000 1.000000
0.998582 0.012513 0.051744 -0.000000 -0.015635 0.998054 0.060370 15.941000 -0.050888 -0.061093 0.996834 -0.000000 0.000000 0.000000 0.000000 1.000000</float_array>
        <technique_common>
          <accessor source="#mixamorig_Spine2-Matrix-animation-output-transform-array" count="42" stride="16">
            <param type="float4x4"/>
          </accessor>
        </technique_common>
      </source>
      <source id="mixamorig_Spine2-Interpolations">
        <Name_array id="mixamorig_Spine2-Interpolations-array" count="42">
 LINEAR LINEAR LINEAR LINEAR LINEAR LINEAR LINEAR LINEAR LINEAR LINEAR LINEAR
LINEAR LINEAR LINEAR LINEAR LINEAR LINEAR LINEAR LINEAR LINEAR LINEAR LINEAR LINEAR
LINEAR LINEAR LINEAR LINEAR LINEAR LINEAR LINEAR LINEAR LINEAR LINEAR LINEAR LINEAR
LINEAR LINEAR LINEAR LINEAR LINEAR LINEAR LINEAR</Name_array>
        <technique_common>
          <accessor source="#mixamorig_Spine2-Interpolations-array" count="42">
            <param type="name"/>
          </accessor>
        </technique_common>
      </source>
      <sampler id="mixamorig_Spine2-Matrix-animation-transform">
        <input semantic="INPUT" source="#mixamorig_Spine2-Matrix-animation-input"/>
        <input semantic="OUTPUT" source="#mixamorig_Spine2-Matrix-animation-output-transform"/>
        <input semantic="INTERPOLATION" source="#mixamorig_Spine2-Interpolations"/>
      </sampler>
      <channel source="#mixamorig_Spine2-Matrix-animation-transform" target="mixamorig_Spine2/matrix"/>
    </animation>
    <animation id="mixamorig_Neck-anim" name="mixamorig_Neck">
      <source id="mixamorig_Neck-Matrix-animation-input">
        <float_array id="mixamorig_Neck-Matrix-animation-input-array" count="42">

0.000000 0.033333 0.066667 0.100000 0.133333 0.166667 0.200000 0.233333 0.266667 0.300000 0.333333 0.366667 0.400000 0.433333 0.466667 0.500000
0.533333 0.566667 0.600000 0.633333 0.666667 0.700000 0.733333 0.766667 0.800000 0.833333 0.866667 0.900000 0.933333 0.966667 1.000000 1.033333
1.066667 1.100000 1.133333 1.166667 1.200000 1.233333 1.266667 1.300000 1.333333 1.366667</float_array>
        <technique_common>
          <accessor source="#mixamorig_Neck-Matrix-animation-input-array" count="42">
            <param name="TIME" type="float"/>
          </accessor>
        </technique_common>
      </source>
      <source id="mixamorig_Neck-Matrix-animation-output-transform">
        <float_array id="mixamorig_Neck-Matrix-animation-output-transform-array" count="672">

0.993663 -0.050923 -0.100204 0.000000 0.063068 0.990520 0.122034 17.933701 0.093040 -0.127581 0.987455 -0.000000 0.000000 0.000000 0.000000 1.000000
0.991982 -0.062572 -0.109803 0.000000 0.073139 0.992786 0.095011 17.933701 0.103066 -0.102280 0.989402 0.000000 0.000000 0.000000 0.000000 1.000000
0.990396 -0.072969 -0.117433 -0.000000 0.081023 0.994568 0.065337 17.933701 0.112028 -0.074224 0.990929 0.000000 0.000000 0.000000 0.000000 1.000000
0.989182 -0.081698 -0.121838 0.000000 0.086847 0.995514 0.037556 17.933701 0.118223 -0.047731 0.991839 0.000000 0.000000 0.000000 0.000000 1.000000
0.988004 -0.089158 -0.126094 -0.000000 0.091402 0.995740 0.012114 17.933701 0.124477 -0.023494 0.991944 0.000000 0.000000 0.000000 0.000000 1.000000
0.987118 -0.095282 -0.128530 0.000000 0.094502 0.995450 -0.012165 17.933701 0.129104 -0.000138 0.991631 -0.000000 0.000000 0.000000 0.000000 1.000000
0.986368 -0.100310 -0.130443 -0.000000 0.096612 0.994728 -0.034393 17.933701 0.133205 0.021322 0.990859 0.000000 0.000000 0.000000 0.000000 1.000000
0.985790 -0.102427 -0.133140 0.000000 0.097596 0.994325 -0.042338 17.933701 0.136721 0.028742 0.990193 0.000000 0.000000 0.000000 0.000000 1.000000
0.986203 -0.096907 -0.134209 -0.000000 0.094192 0.995203 -0.026452 17.933701 0.136128 0.013446 0.990600 0.000000 0.000000 0.000000 0.000000 1.000000
0.988601 -0.073339 -0.131486 0.000000 0.076260 0.996938 0.017311 17.933701 0.129814 -0.027141 0.991167 0.000000 0.000000 0.000000 0.000000 1.000000
0.990457 -0.048545 -0.128989 -0.000000 0.059491 0.994822 0.082405 17.933701 0.124321 -0.089293 0.988216 0.000000 0.000000 0.000000 0.000000 1.000000
0.991516 -0.033254 -0.125660 0.000000 0.048451 0.991604 0.119889 17.933701 0.120618 -0.124960 0.984803 -0.000000 0.000000 0.000000 0.000000 1.000000
0.991770 -0.031196 -0.124176 0.000000 0.046688 0.991199 0.123876 17.933701 0.119218 -0.128654 0.984497 -0.000000 0.000000 0.000000 0.000000 1.000000
0.991318 -0.034846 -0.126782 0.000000 0.051324 0.990299 0.129124 17.933701 0.121052 -0.134510 0.983490 0.000000 0.000000 0.000000 0.000000 1.000000
0.991714 -0.031776 -0.124471 0.000000 0.048727 0.989564 0.135608 17.933701 0.118862 -0.140549 0.982913 0.000000 0.000000 0.000000 0.000000 1.000000
0.992517 -0.028671 -0.118690 -0.000000 0.045069 0.989424 0.137873 17.933701 0.113482 -0.142191 0.983313 0.000000 0.000000 0.000000 0.000000 1.000000
0.993587 -0.028280 -0.109475 -0.000000 0.043579 0.989194 0.139989 17.933701 0.104333 -0.143862 0.984082 0.000000 0.000000 0.000000 0.000000 1.000000
0.994129 -0.042823 -0.099365 0.000000 0.056566 0.988547 0.139912 17.933701 0.092235 -0.144712 0.985166 0.000000 0.000000 0.000000 0.000000 1.000000
0.994229 -0.059945 -0.088972 -0.000000 0.072031 0.987594 0.139534 17.933701 0.079504 -0.145137 0.986212 0.000000 0.000000 0.000000 0.000000 1.000000
0.994343 -0.073533 -0.076644 0.000000 0.083484 0.987191 0.135959 17.933701 0.065665 -0.141589 0.987745 0.000000 0.000000 0.000000 0.000000 1.000000
0.995039 -0.079340 -0.060026 0.000000 0.086273 0.988593 0.123454 17.933701 0.049546 -0.128020 0.990533 0.000000 0.000000 0.000000 0.000000 1.000000
0.996300 -0.075998 -0.040124 -0.000000 0.079918 0.991001 0.107380 17.933701 0.031602 -0.110190 0.993408 0.000000 0.000000 0.000000 0.000000 1.000000
0.998665 -0.049160 -0.015861 0.000000 0.050453 0.994162 0.095373 17.933701 0.011080 -0.096046 0.995315 0.000000 0.000000 0.000000 0.000000 1.000000
0.999805 -0.018411 0.007169 0.000000 0.017771 0.996555 0.081011 17.933701 -0.008636 -0.080868 0.996687 0.000000 0.000000 0.000000 0.000000 1.000000
0.999693 0.005807 0.024073 -0.000000 -0.007507 0.997438 0.071146 17.933701 -0.023598 -0.071305 0.997175 0.000000 0.000000 0.000000 0.000000 1.000000
0.998904 0.026962 0.038269 0.000000 -0.029359 0.997549 0.063510 17.933701 -0.036463 -0.064564 0.997247 0.000000 0.000000 0.000000 0.000000 1.000000
0.998182 0.038642 0.046250 0.000000 -0.041589 0.997046 0.064567 17.933701 -0.043619 -0.066374 0.996841 0.000000 0.000000 0.000000 0.000000 1.000000
0.997829 0.043948 0.049051 0.000000 -0.047813 0.995597 0.080631 17.933701 -0.045291 -0.082801 0.995536 -0.000000 0.000000 0.000000 0.000000 1.000000
