<?xml version="1.0" encoding="utf-8"?>
<COLLADA xmlns="http://www.collada.org/2005/11/COLLADASchema" version="1.4.1">
  <asset>
    <contributor>
      <author>Mixamo</author>
      <authoring_tool>COLLADA Mixamo exporter</authoring_tool>
      <comments/>
    </contributor>
    <created>2024-04-05T05:29:26Z</created>
    <modified>2024-04-05T05:29:26Z</modified>
    <revision/>
    <title/>
    <unit meter="0.010000"/>
    <up_axis>Y_UP</up_axis>
  </asset>
  <library_animations>
    <animation id="mixamorig_Hips-anim" name="mixamorig_Hips">
      <source id="mixamorig_Hips-Matrix-animation-input">
        <float_array id="mixamorig_Hips-Matrix-animation-input-array" count="30">

0.000000 0.033333 0.066667 0.100000 0.133333 0.166667 0.200000 0.233333 0.266667 0.300000 0.333333 0.366667 0.400000 0.433333 0.466667 0.500000
0.533333 0.566667 0.600000 0.633333 0.666667 0.700000 0.733333 0.766667 0.800000 0.833333 0.866667 0.900000 0.933333 0.966667</float_array>
        <technique_common>
          <accessor source="#mixamorig_Hips-Matrix-animation-input-array" count="30">
            <param name="TIME" type="float"/>
          </accessor>
        </technique_common>
      </source>
      <source id="mixamorig_Hips-Matrix-animation-output-transform">
        <float_array id="mixamorig_Hips-Matrix-animation-output-transform-array" count="480">

0.932430 -0.032820 -0.359857 0.643711 -0.047501 0.976093 -0.212101 93.945068 0.358215 0.214863 0.908579 -1.129310 0.000000 0.000000 0.000000 1.000000
0.930647 -0.020006 -0.365371 0.540540 -0.055250 0.979374 -0.194355 94.140640 0.361723 0.201062 0.910346 -1.281814 0.000000 0.000000 0.000000 1.000000
0.927749 -0.009984 -0.373070 0.768034 -0.060965 0.982160 -0.177892 94.265305 0.368191 0.187783 0.910589 -1.217331 0.000000 0.000000 0.000000 1.000000
0.926083 -0.011410 -0.377148 1.129174 -0.060873 0.981931 -0.179181 94.338516 0.372378 0.188895 0.908655 -1.360201 0.000000 0.000000 0.000000 1.000000
0.931140 -0.017709 -0.364231 0.546339 -0.045571 0.985339 -0.164408 94.540184 0.361803 0.169685 0.916682 -1.436697 0.000000 0.000000 0.000000 1.000000
0.950237 -0.004941 -0.311489 -0.944526 -0.003740 0.999621 -0.027263 95.665253 0.311505 0.027072 0.949859 0.168079 0.000000 0.000000 0.000000 1.000000
0.969050 0.006212 -0.246786 -2.865386 0.033513 0.987118 0.156445 96.809906 0.244579 -0.159874 0.956358 2.816963 0.000000 0.000000 0.000000 1.000000
0.970217 -0.001959 -0.242231 -4.332764 0.064458 0.966004 0.250364 96.192505 0.233505 -0.258521 0.937359 3.892750 0.000000 0.000000 0.000000 1.000000
0.965080 -0.023176 -0.260928 -5.546547 0.097810 0.955920 0.276859 95.086899 0.243010 -0.292713 0.924806 3.253714 0.000000 0.000000 0.000000 1.000000
0.964620 -0.058865 -0.256988 -7.087256 0.133926 0.949030 0.285318 93.994560 0.227094 -0.309640 0.923337 1.882067 0.000000 0.000000 0.000000 1.000000
0.959131 -0.098515 -0.265258 -8.264209 0.169305 0.950919 0.259016 92.459389 0.226722 -0.293340 0.928735 0.204648 0.000000 0.000000 0.000000 1.000000
0.943933 -0.135662 -0.300975 -8.635509 0.205609 0.954848 0.214452 90.843384 0.258292 -0.264312 0.929206 -1.688070 0.000000 0.000000 0.000000 1.000000
0.931952 -0.165081 -0.322823 -8.454712 0.225639 0.960986 0.159978 89.824585 0.283819 -0.221934 0.932841 -3.700077 0.000000 0.000000 0.000000 1.000000
0.929333 -0.183775 -0.320262 -8.218663 0.229415 0.966999 0.110823 89.514252 0.289327 -0.176465 0.940824 -5.539000 0.000000 0.000000 0.000000 1.000000
0.929415 -0.184688 -0.319497 -7.612720 0.219938 0.972416 0.077686 89.785271 0.296336 -0.142471 0.944398 -6.848176 0.000000 0.000000 0.000000 1.000000
0.918062 -0.181526 -0.352434 -6.737833 0.203115 0.978837 0.024935 90.496857 0.340449 -0.094476 0.935504 -7.722811 0.000000 0.000000 0.000000 1.000000
0.905724 -0.183245 -0.382211 -5.960562 0.179753 0.982674 -0.045168 91.269440 0.383866 -0.027794 0.922970 -8.143088 0.000000 0.000000 0.000000 1.000000
0.903900 -0.175436 -0.390111 -5.014293 0.152675 0.984272 -0.088880 91.736382 0.399568 0.020778 0.916468 -8.029840 0.000000 0.000000 0.000000 1.000000
0.902577 -0.166774 -0.396914 -4.043088 0.126124 0.983902 -0.126608 92.043488 0.411639 0.064213 0.909082 -7.474552 0.000000 0.000000 0.000000 1.000000
0.906974 -0.157640 -0.390575 -3.092235 0.101905 0.981897 -0.159665 92.234482 0.408674 0.105010 0.906619 -6.635443 0.000000 0.000000 0.000000 1.000000
0.913075 -0.142962 -0.381911 -2.086207 0.081547 0.981629 -0.172495 92.482796 0.399555 0.126357 0.907959 -5.596889 0.000000 0.000000 0.000000 1.000000
0.918001 -0.126884 -0.375732 -1.156138 0.058819 0.980519 -0.187410 92.756104 0.392192 0.149942 0.907581 -4.475685 0.000000 0.000000 0.000000 1.000000
0.922749 -0.111323 -0.368975 -0.510568 0.034591 0.977433 -0.208393 92.885399 0.383847 0.179531 0.905776 -3.311593 0.000000 0.000000 0.000000 1.000000
0.924800 -0.101596 -0.366637 -0.270298 0.022851 0.976778 -0.213030 93.004326 0.379766 0.188632 0.905647 -2.887656 0.000000 0.000000 0.000000 1.000000
0.926567 -0.092201 -0.364654 -0.055074 0.011849 0.976164 -0.216710 93.122604 0.375943 0.196475 0.905574 -2.509460 0.000000 0.000000 0.000000 1.000000
0.928108 -0.083047 -0.362930 0.141935 0.001382 0.975567 -0.219700 93.240425 0.372307 0.203404 0.905546 -2.164530 0.000000 0.000000 0.000000 1.000000
0.929473 -0.074040 -0.361385 0.327558 -0.008759 0.974945 -0.222273 93.357948 0.368787 0.209762 0.905536 -1.840390 0.000000 0.000000 0.000000 1.000000
0.930696 -0.065078 -0.359957 0.508628 -0.018784 0.974245 -0.224707 93.475365 0.365310 0.215895 0.905504 -1.524567 0.000000 0.000000 0.000000 1.000000
0.931806 -0.056057 -0.358602 0.691974 -0.028909 0.973400 -0.227282 93.592827 0.361804 0.222149 0.905399 -1.204585 0.000000 0.000000 0.000000 1.000000
0.932817 -0.046868 -0.357289 0.884429 -0.039350 0.972328 -0.230281 93.710526 0.358195 0.228870 0.905160 -0.867971 0.000000 0.000000 0.000000 1.000000</float_array>
        <technique_common>
          <accessor source="#mixamorig_Hips-Matrix-animation-output-transform-array" count="30" stride="16">
            <param type="float4x4"/>
          </accessor>
        </technique_common>
      </source>
      <source id="mixamorig_Hips-Interpolations">
        <Name_array id="mixamorig_Hips-Interpolations-array" count="30">
 LINEAR LINEAR LINEAR LINEAR LINEAR LINEAR LINEAR LINEAR LINEAR LINEAR LINEAR
LINEAR LINEAR LINEAR LINEAR LINEAR LINEAR LINEAR LINEAR LINEAR LINEAR LINEAR LINEAR
LINEAR LINEAR LINEAR LINEAR LINEAR LINEAR LINEAR</Name_array>
        <technique_common>
          <accessor source="#mixamorig_Hips-Interpolations-array" count="30">
            <param type="name"/>
          </accessor>
        </technique_common>
      </source>
      <sampler id="mixamorig_Hips-Matrix-animation-transform">
        <input semantic="INPUT" source="#mixamorig_Hips-Matrix-animation-input"/>
        <input semantic="OUTPUT" source="#mixamorig_Hips-Matrix-animation-output-transform"/>
        <input semantic="INTERPOLATION" source="#mixamorig_Hips-Interpolations"/>
      </sampler>
      <channel source="#mixamorig_Hips-Matrix-animation-transform" target="mixamorig_Hips/matrix"/>
    </animation>
    <animation id="mixamorig_Spine-anim" name="mixamorig_Spine">
      <source id="mixamorig_Spine-Matrix-animation-input">
        <float_array id="mixamorig_Spine-Matrix-animation-input-array" count="30">

0.000000 0.033333 0.066667 0.100000 0.133333 0.166667 0.200000 0.233333 0.266667 0.300000 0.333333 0.366667 0.400000 0.433333 0.466667 0.500000
0.533333 0.566667 0.600000 0.633333 0.666667 0.700000 0.733333 0.766667 0.800000 0.833333 0.866667 0.900000 0.933333 0.966667</float_array>
        <technique_common>
          <accessor source="#mixamorig_Spine-Matrix-animation-input-array" count="30">
            <param name="TIME" type="float"/>
          </accessor>
        </technique_common>
      </source>
      <source id="mixamorig_Spine-Matrix-animation-output-transform">
        <float_array id="mixamorig_Spine-Matrix-animation-output-transform-array" count="480">

0.999528 0.028700 0.010936 0.000000 -0.026285 0.983548 -0.178723 11.384800 -0.015885 0.178351 0.983839 -0.357600 0.000000 0.000000 0.000000 1.000000
0.999565 0.028066 0.009027 0.000000 -0.025995 0.983459 -0.179256 11.384800 -0.013909 0.178943 0.983761 -0.357600 0.000000 0.000000 0.000000 1.000000
0.999722 0.023347 0.003157 0.000000 -0.022417 0.983877 -0.177433 11.384800 -0.007248 0.177313 0.984128 -0.357600 0.000000 0.000000 0.000000 1.000000
0.999712 0.022562 -0.008216 0.000000 -0.023677 0.983230 -0.180828 11.384800 0.003999 0.180970 0.983480 -0.357600 0.000000 0.000000 0.000000 1.000000
0.999453 0.026843 -0.019337 -0.000000 -0.029845 0.983771 -0.176927 11.384800 0.014274 0.177408 0.984034 -0.357600 0.000000 0.000000 0.000000 1.000000
0.999834 0.008982 -0.015829 -0.000000 -0.011078 0.990412 -0.137703 11.384800 0.014441 0.137856 0.990347 -0.357600 0.000000 0.000000 0.000000 1.000000
0.999373 -0.034616 0.007413 0.000000 0.035075 0.996569 -0.074965 11.384800 -0.004793 0.075178 0.997159 -0.357600 0.000000 0.000000 0.000000 1.000000
0.996705 -0.072126 0.037117 -0.000000 0.072937 0.997116 -0.020985 11.384800 -0.035496 0.023624 0.999091 -0.357600 0.000000 0.000000 0.000000 1.000000
0.994471 -0.090386 0.053458 0.000000 0.090209 0.995906 0.005706 11.384800 -0.053755 -0.000852 0.998554 -0.357600 0.000000 0.000000 0.000000 1.000000
0.994160 -0.098023 0.045127 0.000000 0.097650 0.995166 0.010421 11.384800 -0.045930 -0.005954 0.998927 -0.357600 0.000000 0.000000 0.000000 1.000000
0.993986 -0.104633 0.032307 -0.000000 0.104408 0.994498 0.008573 11.384800 -0.033026 -0.005148 0.999441 -0.357600 0.000000 0.000000 0.000000 1.000000
0.992981 -0.113833 0.032089 -0.000000 0.113940 0.993487 -0.001501 11.384800 -0.031709 0.005146 0.999484 -0.357600 0.000000 0.000000 0.000000 1.000000
0.991597 -0.125723 0.030485 -0.000000 0.126376 0.991770 -0.020544 11.384800 -0.027651 0.024224 0.999324 -0.357600 0.000000 0.000000 0.000000 1.000000
0.990266 -0.137659 0.020570 0.000000 0.138483 0.989285 -0.046240 11.384800 -0.013985 0.048639 0.998719 -0.357600 0.000000 0.000000 0.000000 1.000000
0.989083 -0.146182 0.018580 0.000000 0.147191 0.986072 -0.077442 11.384800 -0.007000 0.079331 0.996824 -0.357600 0.000000 0.000000 0.000000 1.000000
0.988427 -0.148235 0.032224 0.000000 0.150794 0.983262 -0.102259 11.384800 -0.016526 0.105935 0.994236 -0.357600 0.000000 0.000000 0.000000 1.000000
0.988531 -0.144649 0.043390 0.000000 0.148769 0.982143 -0.115166 11.384800 -0.025957 0.120300 0.992398 -0.357600 0.000000 0.000000 0.000000 1.000000
0.989506 -0.138130 0.042399 -0.000000 0.142462 0.981665 -0.126646 11.384800 -0.024128 0.131357 0.991041 -0.357600 0.000000 0.000000 0.000000 1.000000
0.991162 -0.127069 0.038100 -0.000000 0.131155 0.981758 -0.137658 11.384800 -0.019913 0.141438 0.989747 -0.357600 0.000000 0.000000 0.000000 1.000000
0.993147 -0.111881 0.033785 -0.000000 0.115648 0.982507 -0.145967 11.384800 -0.016863 0.148874 0.988712 -0.357600 0.000000 0.000000 0.000000 1.000000
0.994814 -0.096914 0.030854 -0.000000 0.100555 0.982719 -0.155412 11.384800 -0.015260 0.157708 0.987368 -0.357600 0.000000 0.000000 0.000000 1.000000
0.996163 -0.081908 0.030825 -0.000000 0.085863 0.982851 -0.163193 11.384800 -0.016929 0.165214 0.986112 -0.357600 0.000000 0.000000 0.000000 1.000000
0.997598 -0.062277 0.030338 0.000000 0.066491 0.983698 -0.167085 11.384800 -0.019438 0.168700 0.985476 -0.357600 0.000000 0.000000 0.000000 1.000000
0.998424 -0.048563 0.028126 0.000000 0.052630 0.984236 -0.168850 11.384800 -0.019483 0.170064 0.985240 -0.357600 0.000000 0.000000 0.000000 1.000000
0.999047 -0.035213 0.025776 0.000000 0.039101 0.984590 -0.170450 11.384800 -0.019376 0.171296 0.985029 -0.357600 0.000000 0.000000 0.000000 1.000000
0.999483 -0.022128 0.023318 0.000000 0.025813 0.984773 -0.171919 11.384800 -0.019159 0.172432 0.984835 -0.357600 0.000000 0.000000 0.000000 1.000000
0.999742 -0.009212 0.020785 0.000000 0.012677 0.984789 -0.173290 11.384800 -0.018872 0.173509 0.984651 -0.357600 0.000000 0.000000 0.000000 1.000000
0.999828 0.003633 0.018203 0.000000 -0.000399 0.984640 -0.174599 11.384800 -0.018558 0.174561 0.984471 -0.357600 0.000000 0.000000 0.000000 1.000000
0.999742 0.016506 0.015599 0.000000 -0.013507 0.984319 -0.175882 11.384800 -0.018258 0.175626 0.984288 -0.357600 0.000000 0.000000 0.000000 1.000000
0.999480 0.029503 0.012996 0.000000 -0.026737 0.983816 -0.177177 11.384800 -0.018013 0.176737 0.984093 -0.357600 0.000000 0.000000 0.000000 1.000000</float_array>
        <technique_common>
          <accessor source="#mixamorig_Spine-Matrix-animation-output-transform-array" count="30" stride="16">
            <param type="float4x4"/>
          </accessor>
        </technique_common>
      </source>
      <source id="mixamorig_Spine-Interpolations">
        <Name_array id="mixamorig_Spine-Interpolations-array" count="30">
 LINEAR LINEAR LINEAR LINEAR LINEAR LINEAR LINEAR LINEAR LINEAR LINEAR LINEAR
LINEAR LINEAR LINEAR LINEAR LINEAR LINEAR LINEAR LINEAR LINEAR LINEAR LINEAR LINEAR
LINEAR LINEAR LINEAR LINEAR LINEAR LINEAR LINEAR</Name_array>
        <technique_common>
          <accessor source="#mixamorig_Spine-Interpolations-array" count="30">
            <param type="name"/>
          </accessor>
        </technique_common>
      </source>
      <sampler id="mixamorig_Spine-Matrix-animation-transform">
        <input semantic="INPUT" source="#mixamorig_Spine-Matrix-animation-input"/>
        <input semantic="OUTPUT" source="#mixamorig_Spine-Matrix-animation-output-transform"/>
        <input semantic="INTERPOLATION" source="#mixamorig_Spine-Interpolations"/>
      </sampler>
      <channel source="#mixamorig_Spine-Matrix-animation-transform" target="mixamorig_Spine/matrix"/>
    </animation>
    <animation id="mixamorig_Spine1-anim" name="mixamorig_Spine1">
      <source id="mixamorig_Spine1-Matrix-animation-input">
        <float_array id="mixamorig_Spine1-Matrix-animation-input-array" count="30">

0.000000 0.033333 0.066667 0.100000 0.133333 0.166667 0.200000 0.233333 0.266667 0.300000 0.333333 0.366667 0.400000 0.433333 0.466667 0.500000
0.533333 0.566667 0.600000 0.633333 0.666667 0.700000 0.733333 0.766667 0.800000 0.833333 0.866667 0.900000 0.933333 0.966667</float_array>
        <technique_common>
          <accessor source="#mixamorig_Spine1-Matrix-animation-input-array" count="30">
            <param name="TIME" type="float"/>
          </accessor>
        </technique_common>
      </source>
      <source id="mixamorig_Spine1-Matrix-animation-output-transform">
        <float_array id="mixamorig_Spine1-Matrix-animation-output-transform-array" count="480">

0.999633 0.025572 0.008925 -0.000000 -0.025154 0.998708 -0.044160 11.001200 -0.010042 0.043919 0.998985 0.000000 0.000000 0.000000 0.000000 1.000000
0.999671 0.024453 0.007774 -0.000000 -0.024094 0.998772 -0.043297 11.001200 -0.008823 0.043096 0.999032 0.000000 0.000000 0.000000 0.000000 1.000000
0.999774 0.020986 0.003253 0.000000 -0.020831 0.998904 -0.041912 11.001200 -0.004129 0.041835 0.999116 0.000000 0.000000 0.000000 0.000000 1.000000
0.999759 0.021182 -0.005689 0.000000 -0.021412 0.998801 -0.044017 11.001200 0.004750 0.044128 0.999015 0.000000 0.000000 0.000000 0.000000 1.000000
0.999559 0.025884 -0.014585 -0.000000 -0.026417 0.998943 -0.037622 11.001200 0.013595 0.037990 0.999186 0.000000 0.000000 0.000000 0.000000 1.000000
0.999784 0.016982 -0.012008 -0.000000 -0.017087 0.999816 -0.008663 11.001200 0.011858 0.008867 0.999890 -0.000000 0.000000 0.000000 0.000000 1.000000
0.999917 -0.010103 0.007954 -0.000000 0.009858 0.999495 0.030215 11.001200 -0.008255 -0.030134 0.999512 -0.000000 0.000000 0.000000 0.000000 1.000000
0.998781 -0.036216 0.033555 0.000000 0.033936 0.997230 0.066193 11.001200 -0.035859 -0.064974 0.997242 0.000000 0.000000 0.000000 0.000000 1.000000
0.997611 -0.050825 0.046779 -0.000000 0.046644 0.995159 0.086505 11.001200 -0.050949 -0.084116 0.995153 -0.000000 0.000000 0.000000 0.000000 1.000000
0.997632 -0.056280 0.039524 -0.000000 0.052577 0.994627 0.089182 11.001200 -0.044330 -0.086893 0.995231 -0.000000 0.000000 0.000000 0.000000 1.000000
0.997866 -0.058773 0.028459 0.000000 0.056124 0.994687 0.086306 11.001200 -0.033381 -0.084524 0.995862 0.000000 0.000000 0.000000 0.000000 1.000000
0.997589 -0.064266 0.026187 -0.000000 0.062066 0.995051 0.077596 11.001200 -0.031044 -0.075783 0.996641 -0.000000 0.000000 0.000000 0.000000 1.000000
0.997159 -0.072202 0.021452 0.000000 0.070741 0.995537 0.062469 11.001200 -0.025866 -0.060774 0.997816 0.000000 0.000000 0.000000 0.000000 1.000000
0.996814 -0.079120 0.010094 -0.000000 0.078626 0.996001 0.042431 11.001200 -0.013411 -0.041502 0.999048 0.000000 0.000000 0.000000 0.000000 1.000000
0.996285 -0.085945 0.005498 0.000000 0.085833 0.996144 0.018163 11.001200 -0.007038 -0.017624 0.999820 0.000000 0.000000 0.000000 0.000000 1.000000
0.995695 -0.091753 0.013113 0.000000 0.091768 0.995780 -0.000536 11.001200 -0.013008 0.001737 0.999914 -0.000000 0.000000 0.000000 0.000000 1.000000
0.995515 -0.092595 0.019387 -0.000000 0.092790 0.995641 -0.009432 11.001200 -0.018429 0.011188 0.999768 0.000000 0.000000 0.000000 0.000000 1.000000
0.995952 -0.088163 0.017522 0.000000 0.088467 0.995927 -0.017385 11.001200 -0.015918 0.018865 0.999695 0.000000 0.000000 0.000000 0.000000 1.000000
0.996714 -0.079785 0.014016 0.000000 0.080113 0.996481 -0.024641 11.001200 -0.012001 0.025683 0.999598 0.000000 0.000000 0.000000 0.000000 1.000000
0.997529 -0.069319 0.011412 0.000000 0.069631 0.997132 -0.029667 11.001200 -0.009322 0.030388 0.999495 0.000000 0.000000 0.000000 0.000000 1.000000
0.998208 -0.058945 0.010313 0.000000 0.059284 0.997577 -0.036406 11.001200 -0.008142 0.036952 0.999284 0.000000 0.000000 0.000000 0.000000 1.000000
0.998745 -0.048711 0.011655 0.000000 0.049158 0.997915 -0.041824 11.001200 -0.009594 0.042344 0.999057 0.000000 0.000000 0.000000 0.000000 1.000000
0.999247 -0.036358 0.013539 0.000000 0.036913 0.998381 -0.043287 11.001200 -0.011944 0.043754 0.998971 0.000000 0.000000 0.000000 0.000000 1.000000
0.999544 -0.027099 0.013305 0.000000 0.027655 0.998668 -0.043558 11.001200 -0.012107 0.043906 0.998962 -0.000000 0.000000 0.000000 0.000000 1.000000
0.999754 -0.018030 0.012938 0.000000 0.018580 0.998869 -0.043756 11.001200 -0.012134 0.043986 0.998958 0.000000 0.000000 0.000000 0.000000 1.000000
0.999881 -0.009099 0.012476 0.000000 0.009638 0.998989 -0.043901 11.001200 -0.012063 0.044016 0.998958 0.000000 0.000000 0.000000 0.000000 1.000000
0.999929 -0.000254 0.011954 0.000000 0.000780 0.999031 -0.044011 11.001200 -0.011931 0.044018 0.998960 0.000000 0.000000 0.000000 0.000000 1.000000
0.999898 0.008556 0.011409 -0.000000 -0.008045 0.998994 -0.044107 11.001200 -0.011775 0.044011 0.998962 0.000000 0.000000 0.000000 0.000000 1.000000
0.999790 0.017383 0.010874 -0.000000 -0.016886 0.998879 -0.044211 11.001200 -0.011630 0.044018 0.998963 0.000000 0.000000 0.000000 0.000000 1.000000
0.999601 0.026278 0.010383 0.000000 -0.025793 0.998683 -0.044347 11.001200 -0.011535 0.044061 0.998962 0.000000 0.000000 0.000000 0.000000 1.000000</float_array>
        <technique_common>
          <accessor source="#mixamorig_Spine1-Matrix-animation-output-transform-array" count="30" stride="16">
            <param type="float4x4"/>
          </accessor>
        </technique_common>
      </source>
      <source id="mixamorig_Spine1-Interpolations">
        <Name_array id="mixamorig_Spine1-Interpolations-array" count="30">
 LINEAR LINEAR LINEAR LINEAR LINEAR LINEAR LINEAR LINEAR LINEAR LINEAR LINEAR
LINEAR LINEAR LINEAR LINEAR LINEAR LINEAR LINEAR LINEAR LINEAR LINEAR LINEAR LINEAR
LINEAR LINEAR LINEAR LINEAR LINEAR LINEAR LINEAR</Name_array>
        <technique_common>
          <accessor source="#mixamorig_Spine1-Interpolations-array" count="30">
            <param type="name"/>
          </accessor>
        </technique_common>
      </source>
      <sampler id="mixamorig_Spine1-Matrix-animation-transform">
        <input semantic="INPUT" source="#mixamorig_Spine1-Matrix-animation-input"/>
        <input semantic="OUTPUT" source="#mixamorig_Spine1-Matrix-animation-output-transform"/>
        <input semantic="INTERPOLATION" source="#mixamorig_Spine1-Interpolations"/>
      </sampler>
      <channel source="#mixamorig_Spine1-Matrix-animation-transform" target="mixamorig_Spine1/matrix"/>
    </animation>
    <animation id="mixamorig_Spine2-anim" name="mixamorig_Spine2">
      <source id="mixamorig_Spine2-Matrix-animation-input">
        <float_array id="mixamorig_Spine2-Matrix-animation-input-array" count="30">

0.000000 0.033333 0.066667 0.100000 0.133333 0.166667 0.200000 0.233333 0.266667 0.300000 0.333333 0.366667 0.400000 0.433333 0.466667 0.500000
0.533333 0.566667 0.600000 0.633333 0.666667 0.700000 0.733333 0.766667 0.800000 0.833333 0.866667 0.900000 0.933333 0.966667</float_array>
        <technique_common>
          <accessor source="#mixamorig_Spine2-Matrix-animation-input-array" count="30">
            <param name="TIME" type="float"/>
          </accessor>
        </technique_common>
      </source>
      <source id="mixamorig_Spine2-Matrix-animation-output-transform">
        <float_array id="mixamorig_Spine2-Matrix-animation-output-transform-array" count="480">

0.999606 0.026789 0.008358 0.000000 -0.024404 0.976879 -0.212396 11.833400 -0.013855 0.212109 0.977148 0.000000 0.000000 0.000000 0.000000 1.000000
0.999647 0.025553 0.007234 0.000000 -0.023445 0.977080 -0.211579 11.833400 -0.012475 0.211334 0.977334 0.000000 0.000000 0.000000 0.000000 1.000000
0.999762 0.021585 0.003086 0.000000 -0.020454 0.977419 -0.210317 11.833400 -0.007556 0.210203 0.977628 0.000000 0.000000 0.000000 0.000000 1.000000
0.999768 0.020596 -0.006310 -0.000000 -0.021467 0.976925 -0.212503 11.833400 0.001788 0.212589 0.977140 0.000000 0.000000 0.000000 0.000000 1.000000
0.999576 0.024013 -0.016484 0.000000 -0.026900 0.978113 -0.206326 11.833400 0.011169 0.206682 0.978344 0.000000 0.000000 0.000000 0.000000 1.000000
0.999795 0.015485 -0.013068 0.000000 -0.017564 0.983892 -0.177900 11.833400 0.010102 0.178093 0.983962 -0.000000 0.000000 0.000000 0.000000 1.000000
0.999909 -0.009314 0.009743 0.000000 0.010581 0.990206 -0.139210 11.833400 -0.008351 0.139300 0.990215 0.000000 0.000000 0.000000 0.000000 1.000000
0.998762 -0.033182 0.037055 0.000000 0.036841 0.994011 -0.102879 11.833400 -0.033420 0.104117 0.994003 0.000000 0.000000 0.000000 0.000000 1.000000
0.997610 -0.046886 0.050754 0.000000 0.050962 0.995308 -0.082249 11.833400 -0.046659 0.084639 0.995319 0.000000 0.000000 0.000000 0.000000 1.000000
0.997634 -0.053050 0.043732 0.000000 0.056416 0.995219 -0.079728 11.833400 -0.039293 0.082007 0.995857 0.000000 0.000000 0.000000 0.000000 1.000000
0.997863 -0.056482 0.032844 0.000000 0.059037 0.994810 -0.082877 11.833400 -0.027993 0.084639 0.996018 -0.000000 0.000000 0.000000 0.000000 1.000000
0.997582 -0.062154 0.031103 0.000000 0.064767 0.993687 -0.091600 11.833400 -0.025213 0.093393 0.995310 0.000000 0.000000 0.000000 0.000000 1.000000
0.997148 -0.070400 0.027199 -0.000000 0.072920 0.991612 -0.106720 11.833400 -0.019458 0.108399 0.993917 0.000000 0.000000 0.000000 0.000000 1.000000
0.996805 -0.078111 0.016684 0.000000 0.079601 0.988725 -0.126830 11.833400 -0.006589 0.127753 0.991784 0.000000 0.000000 0.000000 0.000000 1.000000
0.996278 -0.085178 0.013228 0.000000 0.086199 0.984785 -0.150889 11.833400 -0.000174 0.151468 0.988462 -0.000000 0.000000 0.000000 0.000000 1.000000
0.995676 -0.090282 0.021870 -0.000000 0.092687 0.981224 -0.169143 11.833400 -0.006189 0.170439 0.985349 -0.000000 0.000000 0.000000 0.000000 1.000000
0.995486 -0.090562 0.028397 0.000000 0.094184 0.979548 -0.177804 11.833400 -0.011714 0.179676 0.983656 -0.000000 0.000000 0.000000 0.000000 1.000000
0.995925 -0.086209 0.026468 0.000000 0.089636 0.978510 -0.185695 11.833400 -0.009890 0.187311 0.982251 0.000000 0.000000 0.000000 0.000000 1.000000
0.996690 -0.078036 0.022785 0.000000 0.080973 0.977870 -0.192909 11.833400 -0.007227 0.194116 0.980952 0.000000 0.000000 0.000000 0.000000 1.000000
0.997508 -0.067751 0.019678 0.000000 0.070310 0.977690 -0.197937 11.833400 -0.005828 0.198827 0.980017 -0.000000 0.000000 0.000000 0.000000 1.000000
0.998187 -0.057459 0.017934 0.000000 0.059916 0.977007 -0.204614 11.833400 -0.005765 0.205318 0.978678 0.000000 0.000000 0.000000 0.000000 1.000000
0.998719 -0.047096 0.018507 -0.000000 0.049936 0.976437 -0.209946 11.833400 -0.008183 0.210601 0.977538 0.000000 0.000000 0.000000 0.000000 1.000000
0.999216 -0.034564 0.019309 0.000000 0.037869 0.976665 -0.211402 11.833400 -0.011552 0.211968 0.977208 0.000000 0.000000 0.000000 0.000000 1.000000
0.999514 -0.025345 0.018164 0.000000 0.028620 0.976910 -0.211724 11.833400 -0.012378 0.212141 0.977161 0.000000 0.000000 0.000000 0.000000 1.000000
0.999724 -0.016330 0.016897 0.000000 0.019543 0.977082 -0.211963 11.833400 -0.013048 0.212235 0.977132 0.000000 0.000000 0.000000 0.000000 1.000000
0.999851 -0.007462 0.015542 0.000000 0.010591 0.977183 -0.212135 11.833400 -0.013604 0.212268 0.977117 -0.000000 0.000000 0.000000 0.000000 1.000000
0.999899 0.001313 0.014132 0.000000 0.001717 0.977212 -0.212260 11.833400 -0.014089 0.212262 0.977111 -0.000000 0.000000 0.000000 0.000000 1.000000
0.999869 0.010050 0.012701 0.000000 -0.007125 0.977167 -0.212355 11.833400 -0.014545 0.212237 0.977110 0.000000 0.000000 0.000000 0.000000 1.000000
0.999760 0.018806 0.011279 -0.000000 -0.015982 0.977043 -0.212442 11.833400 -0.015015 0.212211 0.977108 0.000000 0.000000 0.000000 0.000000 1.000000
0.999569 0.027634 0.009898 0.000000 -0.024901 0.976834 -0.212543 11.833400 -0.015542 0.212205 0.977102 0.000000 0.000000 0.000000 0.000000 1.000000</float_array>
        <technique_common>
          <accessor source="#mixamorig_Spine2-Matrix-animation-output-transform-array" count="30" stride="16">
            <param type="float4x4"/>
          </accessor>
        </technique_common>
      </source>
      <source id="mixamorig_Spine2-Interpolations">
        <Name_array id="mixamorig_Spine2-Interpolations-array" count="30">
 LINEAR LINEAR LINEAR LINEAR LINEAR LINEAR LINEAR LINEAR LINEAR LINEAR LINEAR
LINEAR LINEAR LINEAR LINEAR LINEAR LINEAR LINEAR LINEAR LINEAR LINEAR LINEAR LINEAR
LINEAR LINEAR LINEAR LINEAR LINEAR LINEAR LINEAR</Name_array>
        <technique_common>
          <accessor source="#mixamorig_Spine2-Interpolations-array" count="30">
            <param type="name"/>
          </accessor>
        </technique_common>
      </source>
      <sampler id="mixamorig_Spine2-Matrix-animation-transform">
        <input semantic="INPUT" source="#mixamorig_Spine2-Matrix-animation-input"/>
        <input semantic="OUTPUT" source="#mixamorig_Spine2-Matrix-animation-output-transform"/>
        <input semantic="INTERPOLATION" source="#mixamorig_Spine2-Interpolations"/>
      </sampler>
      <channel source="#mixamorig_Spine2-Matrix-animation-transform" target="mixamorig_Spine2/matrix"/>
    </animation>
    <animation id="mixamorig_Neck-anim" name="mixamorig_Neck">
      <source id="mixamorig_Neck-Matrix-animation-input">
        <float_array id="mixamorig_Neck-Matrix-animation-input-array" count="30">

0.000000 0.033333 0.066667 0.100000 0.133333 0.166667 0.200000 0.233333 0.266667 0.300000 0.333333 0.366667 0.400000 0.433333 0.466667 0.500000
0.533333 0.566667 0.600000 0.633333 0.666667 0.700000 0.733333 0.766667 0.800000 0.833333 0.866667 0.900000 0.933333 0.966667</float_array>
        <technique_common>
          <accessor source="#mixamorig_Neck-Matrix-animation-input-array" count="30">
            <param name="TIME" type="float"/>
          </accessor>
        </technique_common>
      </source>
      <source id="mixamorig_Neck-Matrix-animation-output-transform">
        <float_array id="mixamorig_Neck-Matrix-animation-output-transform-array" count="480">

0.998287 0.028988 0.050830 0.000000 -0.036652 0.986919 0.156996 31.653799 -0.045614 -0.158590 0.986290 -6.283100 0.000000 0.000000 0.000000 1.000000
0.998525 0.022034 0.049631 -0.000000 -0.029572 0.987205 0.156689 31.653799 -0.045544 -0.157926 0.986400 -6.283100 0.000000 0.000000 0.000000 1.000000
0.998682 0.012345 0.049816 0.000000 -0.020218 0.986783 0.160778 31.653799 -0.047173 -0.161573 0.985733 -6.283100 0.000000 0.000000 0.000000 1.000000
0.998508 0.009209 0.053824 -0.000000 -0.019020 0.982607 0.184723 31.653799 -0.051186 -0.185471 0.981316 -6.283100 0.000000 0.000000 0.000000 1.000000
0.997362 0.044413 0.057413 -0.000000 -0.049300 0.995013 0.086713 31.653799 -0.053275 -0.089315 0.994578 -6.283100 0.000000 0.000000 0.000000 1.000000
0.992585 0.109063 0.053670 0.000000 -0.096566 0.975683 -0.196771 31.653799 -0.073825 0.190129 0.978980 -6.283100 0.000000 0.000000 0.000000 1.000000
0.988919 0.140850 0.046901 0.000000 -0.116287 0.931353 -0.345049 31.653799 -0.092281 0.335772 0.937412 -6.283100 0.000000 0.000000 0.000000 1.000000
0.991886 0.118794 0.045280 -0.000000 -0.107259 0.973168 -0.203565 31.653799 -0.068248 0.197057 0.978014 -6.283100 0.000000 0.000000 0.000000 1.000000
0.997915 0.048709 0.042336 0.000000 -0.049947 0.998339 0.028713 31.653799 -0.040867 -0.030768 0.998691 -6.283100 0.000000 0.000000 0.000000 1.000000
0.999189 -0.017617 0.036201 0.000000 0.011072 0.984749 0.173627 31.653799 -0.038708 -0.173086 0.984146 -6.283100 0.000000 0.000000 0.000000 1.000000
0.998408 -0.046396 0.032086 0.000000 0.037759 0.972238 0.230929 31.653799 -0.041909 -0.229350 0.972441 -6.283100 0.000000 0.000000 0.000000 1.000000
0.997463 -0.063611 0.031943 0.000000 0.054092 0.969083 0.240733 31.653799 -0.046269 -0.238395 0.970066 -6.283100 0.000000 0.000000 0.000000 1.000000
0.996592 -0.072761 0.038873 -0.000000 0.062110 0.971936 0.226899 31.653799 -0.054291 -0.223711 0.973142 -6.283100 0.000000 0.000000 0.000000 1.000000
0.996211 -0.073093 0.047126 0.000000 0.061497 0.975211 0.212558 31.653799 -0.061494 -0.208854 0.976011 -6.283100 0.000000 0.000000 0.000000 1.000000
0.995911 -0.076586 0.047908 -0.000000 0.064682 0.974766 0.213654 31.653799 -0.063062 -0.209681 0.975734 -6.283100 0.000000 0.000000 0.000000 1.000000
0.996011 -0.076042 0.046687 0.000000 0.064114 0.973785 0.218249 31.653799 -0.062059 -0.214385 0.974776 -6.283100 0.000000 0.000000 0.000000 1.000000
0.996170 -0.072847 0.048358 -0.000000 0.061095 0.975565 0.211047 31.653799 -0.062550 -0.207285 0.976279 -6.283100 0.000000 0.000000 0.000000 1.000000
0.995807 -0.077251 0.048989 0.000000 0.066012 0.977615 0.199780 31.653799 -0.063326 -0.195709 0.978615 -6.283100 0.000000 0.000000 0.000000 1.000000
0.995606 -0.079643 0.049243 0.000000 0.068667 0.978535 0.194304 31.653799 -0.063661 -0.190069 0.979705 -6.283100 0.000000 0.000000 0.000000 1.000000
0.996114 -0.071186 0.051856 0.000000 0.059992 0.979511 0.192247 31.653799 -0.064479 -0.188389 0.979976 -6.283100 0.000000 0.000000 0.000000 1.000000
0.996897 -0.056518 0.054785 0.000000 0.045135 0.980670 0.190395 31.653799 -0.064487 -0.187331 0.980178 -6.283100 0.000000 0.000000 0.000000 1.000000
0.997417 -0.046098 0.055091 -0.000000 0.034752 0.980863 0.191574 31.653799 -0.062868 -0.189164 0.979931 -6.283100 0.000000 0.000000 0.000000 1.000000
0.997565 -0.045727 0.052655 0.000000 0.034779 0.980639 0.192709 31.653799 -0.060447 -0.190409 0.979842 -6.283100 0.000000 0.000000 0.000000 1.000000
0.997984 -0.035447 0.052647 0.000000 0.024992 0.981965 0.187403 31.653799 -0.058340 -0.185709 0.980871 -6.283100 0.000000 0.000000 0.000000 1.000000
0.998310 -0.024551 0.052674 0.000000 0.014592 0.983244 0.181711 31.653799 -0.056253 -0.180636 0.981940 -6.283100 0.000000 0.000000 0.000000 1.000000
0.998524 -0.013206 0.052678 0.000000 0.003748 0.984429 0.175744 31.653799 -0.054179 -0.175287 0.983025 -6.283100 0.000000 0.000000 0.000000 1.000000
0.998614 -0.001580 0.052609 -0.000000 -0.007376 0.985483 0.169611 31.653799 -0.052113 -0.169764 0.984106 -6.283100 0.000000 0.000000 0.000000 1.000000
0.998573 0.010156 0.052425 0.000000 -0.018611 0.986380 0.163424 31.653799 -0.050051 -0.164166 0.985162 -6.283100 0.000000 0.000000 0.000000 1.000000
0.998404 0.021832 0.052093 0.000000 -0.029792 0.987102 0.157294 31.653799 -0.047987 -0.158595 0.986177 -6.283100 0.000000 0.000000 0.000000 1.000000
0.998114 0.033277 0.051590 -0.000000 -0.040749 0.987642 0.151335 31.653799 -0.045916 -0.153152 0.987135 -6.283100 0.000000 0.000000 0.000000 1.000000</float_array>
        <technique_common>
          <accessor source="#mixamorig_Neck-Matrix-animation-output-transform-array" count="30" stride="16">
            <param type="float4x4"/>
          </accessor>
        </technique_common>
      </source>
      <source id="mixamorig_Neck-Interpolations">
        <Name_array id="mixamorig_Neck-Interpolations-array" count="30">
 LINEAR LINEAR LINEAR LINEAR LINEAR LINEAR LINEAR LINEAR LINEAR LINEAR LINEAR
LINEAR LINEAR LINEAR LINEAR LINEAR LINEAR LINEAR LINEAR LINEAR LINEAR LINEAR LINEAR
LINEAR LINEAR LINEAR LINEAR LINEAR LINEAR LINEAR</Name_array>
        <technique_common>
          <accessor source="#mixamorig_Neck-Interpolations-array" count="30">
            <param type="name"/>
          </accessor>
        </technique_common>
      </source>
      <sampler id="mixamorig_Neck-Matrix-animation-transform">
        <input semantic="INPUT" source="#mixamorig_Neck-Matrix-animation-input"/>
        <input semantic="OUTPUT" source="#mixamorig_Neck-Matrix-animation-output-transform"/>
        <input semantic="INTERPOLATION" source="#mixamorig_Neck-Interpolations"/>
      </sampler>
      <channel source="#mixamorig_Neck-Matrix-animation-transform" target="mixamorig_Neck/matrix"/>
    </animation>
    <animation id="mixamorig_Head-anim" name="mixamorig_Head">
      <source id="mixamorig_Head-Matrix-animation-input">
        <float_array id="mixamorig_Head-Matrix-animation-input-array" count="30">

0.000000 0.033333 0.066667 0.100000 0.133333 0.166667 0.200000 0.233333 0.266667 0.300000 0.333333 0.366667 0.400000 0.433333 0.466667 0.500000
0.533333 0.566667 0.600000 0.633333 0.666667 0.700000 0.733333 0.766667 0.800000 0.833333 0.866667 0.900000 0.933333 0.966667</float_array>
        <technique_common>
          <accessor source="#mixamorig_Head-Matrix-animation-input-array" count="30">
            <param name="TIME" type="float"/>
          </accessor>
        </technique_common>
      </source>
      <source id="mixamorig_Head-Matrix-animation-output-transform">
        <float_array id="mixamorig_Head-Matrix-animation-output-transform-array" count="480">

0.978039 -0.002227 0.208410 0.000000 -0.061132 0.952898 0.297066 15.916000 -0.199255 -0.303283 0.931835 3.311100 0.000000 0.000000 0.000000 1.000000
0.976647 0.011348 0.214552 -0.000000 -0.071439 0.958938 0.274472 15.916000 -0.202627 -0.283390 0.937354 3.311100 0.000000 0.000000 0.000000 1.000000
0.972992 0.016502 0.230248 0.000000 -0.080109 0.959592 0.269752 15.916000 -0.216493 -0.280912 0.934997 3.311100 0.000000 0.000000 0.000000 1.000000
0.969007 0.010965 0.246789 0.000000 -0.089588 0.946603 0.309706 15.916000 -0.230216 -0.322216 0.918247 3.311100 0.000000 0.000000 0.000000 1.000000
0.973032 0.018196 0.229951 -0.000000 -0.060264 0.982314 0.177279 15.916000 -0.222658 -0.186356 0.956919 3.311100 0.000000 0.000000 0.000000 1.000000
0.984531 0.049413 0.168100 0.000000 0.000821 0.958097 -0.286443 15.916000 -0.175210 0.282150 0.943235 3.311100 0.000000 0.000000 0.000000 1.000000
0.991152 0.074612 0.109780 0.000000 -0.001843 0.834719 -0.550673 15.916000 -0.132722 0.545598 0.827471 3.311100 0.000000 0.000000 0.000000 1.000000
0.985814 0.117233 0.120114 0.000000 -0.069346 0.936190 -0.344587 15.916000 -0.152847 0.331369 0.931038 3.311100 0.000000 0.000000 0.000000 1.000000
0.968961 0.175547 0.174063 0.000000 -0.175563 0.984347 -0.015429 15.916000 -0.174047 -0.015609 0.984614 3.311100 0.000000 0.000000 0.000000 1.000000
0.959326 0.177718 0.219340 0.000000 -0.208900 0.969506 0.128135 15.916000 -0.189880 -0.168743 0.967198 3.311100 0.000000 0.000000 0.000000 1.000000
0.961197 0.134147 0.241050 0.000000 -0.184487 0.962238 0.200156 15.916000 -0.205097 -0.236860 0.949649 3.311100 0.000000 0.000000 0.000000 1.000000
0.956746 0.110872 0.268970 -0.000000 -0.186534 0.943265 0.274693 15.916000 -0.223254 -0.312983 0.923146 3.311100 0.000000 0.000000 0.000000 1.000000
0.942145 0.112241 0.315856 0.000000 -0.218863 0.919680 0.326019 15.916000 -0.253894 -0.376286 0.891037 3.311100 0.000000 0.000000 0.000000 1.000000
0.928237 0.111249 0.354965 0.000000 -0.245251 0.900495 0.359110 15.916000 -0.279694 -0.420395 0.863157 3.311100 0.000000 0.000000 0.000000 1.000000
0.923854 0.116433 0.364605 -0.000000 -0.256527 0.895343 0.364082 15.916000 -0.284055 -0.429890 0.857034 3.311100 0.000000 0.000000 0.000000 1.000000
0.923884 0.129939 0.359937 0.000000 -0.259645 0.903805 0.340178 15.916000 -0.281110 -0.407740 0.868749 3.311100 0.000000 0.000000 0.000000 1.000000
0.923043 0.129289 0.362322 0.000000 -0.252399 0.914311 0.316749 15.916000 -0.290322 -0.383823 0.876580 3.311100 0.000000 0.000000 0.000000 1.000000
0.922414 0.114847 0.368730 0.000000 -0.239256 0.919410 0.312157 15.916000 -0.303164 -0.376159 0.875555 3.311100 0.000000 0.000000 0.000000 1.000000
0.923548 0.098971 0.370490 -0.000000 -0.226414 0.920484 0.318507 15.916000 -0.309507 -0.378041 0.872519 3.311100 0.000000 0.000000 0.000000 1.000000
0.926029 0.083037 0.368204 -0.000000 -0.212472 0.920944 0.326676 15.916000 -0.311970 -0.380745 0.870464 3.311100 0.000000 0.000000 0.000000 1.000000
0.930829 0.067609 0.359146 0.000000 -0.196963 0.920605 0.337182 15.916000 -0.307835 -0.384597 0.870243 3.311100 0.000000 0.000000 0.000000 1.000000
0.937423 0.053475 0.344061 0.000000 -0.180461 0.919681 0.348740 15.916000 -0.297778 -0.389007 0.871781 3.311100 0.000000 0.000000 0.000000 1.000000
0.943435 0.038592 0.329305 0.000000 -0.162460 0.919610 0.357664 15.916000 -0.289029 -0.390932 0.873862 3.311100 0.000000 0.000000 0.000000 1.000000
0.949714 0.030992 0.311581 0.000000 -0.146577 0.923330 0.354934 15.916000 -0.276692 -0.382756 0.881442 3.311100 0.000000 0.000000 0.000000 1.000000
0.955610 0.023471 0.293699 0.000000 -0.130644 0.927226 0.350976 15.916000 -0.264088 -0.373766 0.889132 3.311100 0.000000 0.000000 0.000000 1.000000
0.961103 0.015871 0.275734 -0.000000 -0.114634 0.931216 0.345970 15.916000 -0.251277 -0.364121 0.896814 3.311100 0.000000 0.000000 0.000000 1.000000
0.966177 0.008048 0.257756 0.000000 -0.098521 0.935215 0.340097 15.916000 -0.238320 -0.353988 0.904376 3.311100 0.000000 0.000000 0.000000 1.000000
0.970814 -0.000127 0.239836 -0.000000 -0.082278 0.939138 0.333543 15.916000 -0.225281 -0.343541 0.911717 3.311100 0.000000 0.000000 0.000000 1.000000
0.974998 -0.008762 0.222039 0.000000 -0.065881 0.942898 0.326500 15.916000 -0.212221 -0.332965 0.918747 3.311100 0.000000 0.000000 0.000000 1.000000
0.978717 -0.017952 0.204430 0.000000 -0.049306 0.946416 0.319165 15.916000 -0.199205 -0.322451 0.925388 3.311100 0.000000 0.000000 0.000000 1.000000</float_array>
        <technique_common>
          <accessor source="#mixamorig_Head-Matrix-animation-output-transform-array" count="30" stride="16">
            <param type="float4x4"/>
          </accessor>
        </technique_common>
      </source>
      <source id="mixamorig_Head-Interpolations">
        <Name_array id="mixamorig_Head-Interpolations-array" count="30">
 LINEAR LINEAR LINEAR LINEAR LINEAR LINEAR LINEAR LINEAR LINEAR LINEAR LINEAR
LINEAR LINEAR LINEAR LINEAR LINEAR LINEAR LINEAR LINEAR LINEAR LINEAR LINEAR LINEAR
LINEAR LINEAR LINEAR LINEAR LINEAR LINEAR LINEAR</Name_array>
        <technique_common>
          <accessor source="#mixamorig_Head-Interpolations-array" count="30">
            <param type="name"/>
          </accessor>
        </technique_common>
      </source>
      <sampler id="mixamorig_Head-Matrix-animation-transform">
        <input semantic="INPUT" source="#mixamorig_Head-Matrix-animation-input"/>
        <input semantic="OUTPUT" source="#mixamorig_Head-Matrix-animation-output-transform"/>
