<?xml version="1.0" encoding="utf-8"?>
<COLLADA xmlns="http://www.collada.org/2005/11/COLLADASchema" version="1.4.1">
  <asset>
    <contributor>
      <author>Mixamo</author>
      <authoring_tool>COLLADA Mixamo exporter</authoring_tool>
      <comments/>
    </contributor>
    <created>2024-04-05T05:27:57Z</created>
    <modified>2024-04-05T05:27:57Z</modified>
    <revision/>
    <title/>
    <unit meter="0.010000"/>
    <up_axis>Y_UP</up_axis>
  </asset>
  <library_animations>
    <animation id="mixamorig_Hips-anim" name="mixamorig_Hips">
      <source id="mixamorig_Hips-Matrix-animation-input">
        <float_array id="mixamorig_Hips-Matrix-animation-input-array" count="132">

0.000000 0.033333 0.066667 0.100000 0.133333 0.166667 0.200000 0.233333 0.266667 0.300000 0.333333 0.366667 0.400000 0.433333 0.466667 0.500000
0.533333 0.566667 0.600000 0.633333 0.666667 0.700000 0.733333 0.766667 0.800000 0.833333 0.866667 0.900000 0.933333 0.966667 1.000000 1.033333
1.066667 1.100000 1.133333 1.166667 1.200000 1.233333 1.266667 1.300000 1.333333 1.366667 1.400000 1.433333 1.466667 1.500000 1.533333 1.566667
1.600000 1.633333 1.666667 1.700000 1.733333 1.766667 1.800000 1.833333 1.866667 1.900000 1.933333 1.966667 2.000000 2.033333 2.066667 2.100000
2.133333 2.166667 2.200000 2.233333 2.266667 2.300000 2.333333 2.366667 2.400000 2.433333 2.466667 2.500000 2.533333 2.566667 2.600000 2.633333
2.666667 2.700000 2.733333 2.766667 2.800000 2.833333 2.866667 2.900000 2.933333 2.966667 3.000000 3.033333 3.066667 3.100000 3.133333 3.166667
3.200000 3.233333 3.266667 3.300000 3.333333 3.366667 3.400000 3.433333 3.466667 3.500000 3.533333 3.566667 3.600000 3.633333 3.666667 3.700000
3.733333 3.766667 3.800000 3.833333 3.866667 3.900000 3.933333 3.966667 4.000000 4.033333 4.066667 4.100000 4.133333 4.166667 4.200000 4.233333
4.266667 4.300000 4.333333 4.366667</float_array>
        <technique_common>
          <accessor source="#mixamorig_Hips-Matrix-animation-input-array" count="132">
            <param name="TIME" type="float"/>
          </accessor>
        </technique_common>
      </source>
      <source id="mixamorig_Hips-Matrix-animation-output-transform">
        <float_array id="mixamorig_Hips-Matrix-animation-output-transform-array" count="2112">

0.952634 -0.038901 -0.301621 0.210997 -0.018304 0.982653 -0.184546 93.775612 0.303568 0.181326 0.935397 -0.801740 0.000000 0.000000 0.000000 1.000000
0.953078 -0.044216 -0.299478 0.076320 -0.015444 0.980885 -0.193972 93.847153 0.302330 0.189496 0.934178 -1.014420 0.000000 0.000000 0.000000 1.000000
0.953512 -0.049497 -0.297262 -0.058356 -0.012582 0.979021 -0.203372 93.918701 0.301092 0.197658 0.932885 -1.227100 0.000000 0.000000 0.000000 1.000000
0.954274 -0.056720 -0.293504 -0.241549 -0.009959 0.975257 -0.220848 93.910385 0.298769 0.213672 0.930098 -1.593473 0.000000 0.000000 0.000000 1.000000
0.955623 -0.068944 -0.286411 -0.541786 -0.007531 0.966194 -0.257707 93.733475 0.294496 0.248428 0.922798 -2.326624 0.000000 0.000000 0.000000 1.000000
0.957788 -0.081919 -0.275557 -0.907117 -0.006188 0.952443 -0.304655 93.401283 0.287409 0.293499 0.911731 -3.273996 0.000000 0.000000 0.000000 1.000000
0.962204 -0.088339 -0.257603 -1.302982 -0.009226 0.934808 -0.355034 92.754021 0.272173 0.343992 0.898661 -4.362151 0.000000 0.000000 0.000000 1.000000
0.967052 -0.091870 -0.237426 -1.701399 -0.013302 0.913108 -0.407501 91.720146 0.254232 0.397232 0.881801 -5.586709 0.000000 0.000000 0.000000 1.000000
0.971362 -0.093604 -0.218389 -2.114083 -0.016856 0.889668 -0.456297 90.515862 0.237004 0.446911 0.862612 -6.840299 0.000000 0.000000 0.000000 1.000000
0.974731 -0.094967 -0.202191 -2.543234 -0.019009 0.866585 -0.498668 89.048584 0.222573 0.489910 0.842882 -8.123313 0.000000 0.000000 0.000000 1.000000
0.977300 -0.096318 -0.188701 -3.026407 -0.019113 0.846967 -0.531301 87.543526 0.210997 0.522847 0.825900 -9.349483 0.000000 0.000000 0.000000 1.000000
0.978854 -0.099153 -0.178923 -3.618318 -0.015472 0.836280 -0.548085 86.196854 0.203973 0.539263 0.817062 -10.407361 0.000000 0.000000 0.000000 1.000000
0.980015 -0.102053 -0.170753 -4.269692 -0.010358 0.831030 -0.556130 85.003021 0.198656 0.546785 0.813365 -11.372883 0.000000 0.000000 0.000000 1.000000
0.981297 -0.101903 -0.163313 -4.999895 -0.005441 0.833367 -0.552693 84.325874 0.192421 0.543245 0.817227 -12.194788 0.000000 0.000000 0.000000 1.000000
0.982577 -0.096902 -0.158594 -5.794155 -0.004342 0.841120 -0.540831 84.273903 0.185804 0.532097 0.826045 -12.932138 0.000000 0.000000 0.000000 1.000000
0.983514 -0.087473 -0.158266 -6.659847 -0.007683 0.854212 -0.519867 84.851555 0.180667 0.512513 0.839458 -13.563993 0.000000 0.000000 0.000000 1.000000
0.983767 -0.074662 -0.163180 -7.574748 -0.014019 0.874581 -0.484676 85.890236 0.178901 0.479096 0.859338 -13.997143 0.000000 0.000000 0.000000 1.000000
0.983211 -0.059161 -0.172618 -8.468664 -0.021205 0.902529 -0.430107 87.181648 0.181239 0.426546 0.886121 -14.069561 0.000000 0.000000 0.000000 1.000000
0.981998 -0.043350 -0.183852 -9.252312 -0.025740 0.933523 -0.357594 88.598099 0.187131 0.355888 0.915601 -13.608164 0.000000 0.000000 0.000000 1.000000
0.980561 -0.030842 -0.193776 -9.878491 -0.024064 0.961212 -0.274760 90.064278 0.194733 0.274082 0.941784 -12.510328 0.000000 0.000000 0.000000 1.000000
0.979604 -0.020894 -0.199851 -10.377483 -0.017551 0.981881 -0.188683 91.536987 0.200172 0.188342 0.961488 -10.786652 0.000000 0.000000 0.000000 1.000000
0.979830 -0.009613 -0.199602 -10.847078 -0.011549 0.994448 -0.104590 92.961945 0.199500 0.104785 0.974279 -8.507408 0.000000 0.000000 0.000000 1.000000
0.980867 0.002713 -0.194662 -11.389853 -0.009139 0.999442 -0.032121 94.250801 0.194466 0.033285 0.980344 -5.787773 0.000000 0.000000 0.000000 1.000000
0.981105 0.012691 -0.193058 -11.988340 -0.009893 0.999832 0.015450 95.296898 0.193222 -0.013248 0.981066 -2.818617 0.000000 0.000000 0.000000 1.000000
0.979483 0.019059 -0.200621 -12.457920 -0.012793 0.999390 0.032482 95.902596 0.201118 -0.029249 0.979130 0.215583 0.000000 0.000000 0.000000 1.000000
0.976329 0.020934 -0.215275 -12.779655 -0.015357 0.999503 0.027548 96.285370 0.215744 -0.023590 0.976165 3.121931 0.000000 0.000000 0.000000 1.000000
0.972285 0.016861 -0.233189 -12.918323 -0.013576 0.999785 0.015687 96.501480 0.233404 -0.012086 0.972305 5.815294 0.000000 0.000000 0.000000 1.000000
0.967557 0.007808 -0.252531 -12.830027 -0.006483 0.999961 0.006079 96.562775 0.252568 -0.004245 0.967570 8.226011 0.000000 0.000000 0.000000 1.000000
0.962533 -0.003216 -0.271146 -12.538898 0.002764 0.999994 -0.002051 96.537788 0.271151 0.001224 0.962536 10.322465 0.000000 0.000000 0.000000 1.000000
0.958406 -0.013446 -0.285093 -12.083413 0.010340 0.999870 -0.012396 96.486771 0.285222 0.008932 0.958420 12.192122 0.000000 0.000000 0.000000 1.000000
0.956763 -0.020196 -0.290167 -11.606780 0.013914 0.999622 -0.023694 96.285278 0.290535 0.018632 0.956683 13.841379 0.000000 0.000000 0.000000 1.000000
0.958750 -0.021602 -0.283427 -11.165877 0.012899 0.999387 -0.032535 96.053841 0.283956 0.027537 0.958442 15.227627 0.000000 0.000000 0.000000 1.000000
0.964713 -0.017846 -0.262697 -10.783259 0.007857 0.999207 -0.039028 95.928154 0.263185 0.035587 0.964089 16.191530 0.000000 0.000000 0.000000 1.000000
0.973402 -0.011152 -0.228832 -10.441224 0.000424 0.998901 -0.046876 95.883934 0.229103 0.045533 0.972337 16.561909 0.000000 0.000000 0.000000 1.000000
0.981823 -0.004777 -0.189739 -10.059464 -0.007002 0.998091 -0.061364 95.938835 0.189670 0.061577 0.979915 16.275091 0.000000 0.000000 0.000000 1.000000
0.987549 -0.001089 -0.157309 -9.496616 -0.012782 0.996114 -0.087137 96.198486 0.156792 0.088062 0.983698 15.315353 0.000000 0.000000 0.000000 1.000000
0.989739 -0.001668 -0.142874 -8.487997 -0.016702 0.991726 -0.127284 96.388306 0.141904 0.128364 0.981522 13.395807 0.000000 0.000000 0.000000 1.000000
0.990684 -0.003346 -0.136140 -7.351911 -0.020167 0.985072 -0.170960 96.409607 0.134680 0.172113 0.975827 11.074943 0.000000 0.000000 0.000000 1.000000
0.988755 -0.009913 -0.149218 -6.024249 -0.023191 0.975567 -0.218476 95.658119 0.147738 0.219479 0.964366 7.707300 0.000000 0.000000 0.000000 1.000000
0.984116 -0.019161 -0.176491 -4.543488 -0.027035 0.966388 -0.255661 94.473206 0.175457 0.256371 0.950520 3.991097 0.000000 0.000000 0.000000 1.000000
0.978150 -0.029665 -0.205773 -3.079190 -0.031365 0.957382 -0.287115 93.193275 0.205521 0.287296 0.935533 0.297425 0.000000 0.000000 0.000000 1.000000
0.971695 -0.035775 -0.233515 -1.850308 -0.037535 0.952530 -0.302122 91.871674 0.233239 0.302335 0.924226 -2.935031 0.000000 0.000000 0.000000 1.000000
0.965263 -0.040629 -0.258103 -1.039086 -0.045708 0.946345 -0.319910 90.776276 0.257252 0.320595 0.911614 -5.320621 0.000000 0.000000 0.000000 1.000000
0.958869 -0.045370 -0.280200 -0.568115 -0.062048 0.929767 -0.362882 89.919106 0.276985 0.365342 0.888709 -6.596241 0.000000 0.000000 0.000000 1.000000
0.954390 -0.050241 -0.294304 -0.320591 -0.089010 0.893034 -0.441098 89.095497 0.284985 0.447176 0.847831 -6.890982 0.000000 0.000000 0.000000 1.000000
0.952596 -0.059676 -0.298327 -0.229032 -0.117663 0.832007 -0.542144 88.210243 0.280563 0.551546 0.785545 -6.667706 0.000000 0.000000 0.000000 1.000000
0.951519 -0.081494 -0.296597 -0.351038 -0.134822 0.756201 -0.640300 87.127823 0.276468 0.649245 0.708552 -6.498892 0.000000 0.000000 0.000000 1.000000
0.950294 -0.114960 -0.289355 -0.627703 -0.134010 0.687836 -0.713388 85.846985 0.281040 0.716705 0.638240 -6.748785 0.000000 0.000000 0.000000 1.000000
0.949927 -0.146102 -0.276211 -0.893101 -0.119373 0.647228 -0.752892 84.493172 0.288770 0.748164 0.597379 -7.383526 0.000000 0.000000 0.000000 1.000000
0.951146 -0.161878 -0.262901 -1.063190 -0.102558 0.637513 -0.763583 83.309875 0.291210 0.753242 0.589766 -8.089613 0.000000 0.000000 0.000000 1.000000
0.952935 -0.163863 -0.255075 -1.216224 -0.092832 0.643226 -0.760028 82.524696 0.288612 0.747937 0.597741 -8.584661 0.000000 0.000000 0.000000 1.000000
0.953404 -0.165881 -0.252001 -1.475901 -0.088907 0.643709 -0.760089 82.186729 0.288300 0.747076 0.598966 -8.813955 0.000000 0.000000 0.000000 1.000000
0.951641 -0.177944 -0.250429 -1.867565 -0.083737 0.634059 -0.768738 82.149918 0.295579 0.752533 0.588496 -8.921705 0.000000 0.000000 0.000000 1.000000
0.947746 -0.195293 -0.252266 -2.316625 -0.076112 0.629492 -0.773270 82.228859 0.309814 0.752064 0.581735 -9.080157 0.000000 0.000000 0.000000 1.000000
0.942501 -0.206359 -0.262884 -2.769791 -0.070612 0.645882 -0.760164 82.327538 0.326659 0.735018 0.594173 -9.352551 0.000000 0.000000 0.000000 1.000000
0.937474 -0.205898 -0.280623 -3.257353 -0.068503 0.681339 -0.728755 82.436058 0.341249 0.702412 0.624633 -9.698025 0.000000 0.000000 0.000000 1.000000
0.934036 -0.197819 -0.297395 -3.837674 -0.066801 0.721185 -0.689515 82.583946 0.350875 0.663898 0.660398 -10.051787 0.000000 0.000000 0.000000 1.000000
0.933169 -0.190679 -0.304691 -4.475102 -0.063026 0.747752 -0.660980 82.957314 0.353868 0.636010 0.685762 -10.230911 0.000000 0.000000 0.000000 1.000000
0.932449 -0.183122 -0.311455 -5.138065 -0.059004 0.773284 -0.631308 83.340889 0.356450 0.607040 0.710243 -10.413084 0.000000 0.000000 0.000000 1.000000
0.931832 -0.175252 -0.317768 -5.818243 -0.054810 0.797642 -0.600635 83.732292 0.358728 0.577108 0.733662 -10.596470 0.000000 0.000000 0.000000 1.000000
0.931270 -0.167156 -0.323719 -6.507317 -0.050519 0.820705 -0.569114 84.129120 0.360809 0.546353 0.755854 -10.779236 0.000000 0.000000 0.000000 1.000000
0.930720 -0.158905 -0.329407 -7.196968 -0.046207 0.842372 -0.536912 84.529015 0.362801 0.514936 0.776670 -10.959546 0.000000 0.000000 0.000000 1.000000
0.930137 -0.150550 -0.334933 -7.878878 -0.041950 0.862560 -0.504212 84.929565 0.364809 0.483036 0.795984 -11.135567 0.000000 0.000000 0.000000 1.000000
0.929476 -0.142127 -0.340404 -8.544726 -0.037824 0.881211 -0.471207 85.328392 0.366939 0.450851 0.813689 -11.305464 0.000000 0.000000 0.000000 1.000000
0.928693 -0.133657 -0.345927 -9.186196 -0.033906 0.898286 -0.438101 85.723106 0.369297 0.418590 0.829700 -11.467402 0.000000 0.000000 0.000000 1.000000
0.927744 -0.125142 -0.351612 -9.794968 -0.030275 0.913770 -0.405102 86.111328 0.371988 0.386476 0.843956 -11.619546 0.000000 0.000000 0.000000 1.000000
0.926584 -0.116574 -0.357564 -10.362722 -0.027007 0.927669 -0.372425 86.490662 0.375116 0.354739 0.856416 -11.760063 0.000000 0.000000 0.000000 1.000000
0.925168 -0.107929 -0.363888 -10.881140 -0.024179 0.940012 -0.340283 86.858719 0.378786 0.323617 0.867060 -11.887117 0.000000 0.000000 0.000000 1.000000
0.923448 -0.099180 -0.370684 -11.341903 -0.021869 0.950847 -0.308888 87.213127 0.383099 0.293348 0.875889 -11.998877 0.000000 0.000000 0.000000 1.000000
0.920366 -0.091278 -0.380256 -11.522406 -0.022006 0.958748 -0.283404 87.507812 0.390438 0.269203 0.880391 -12.028896 0.000000 0.000000 0.000000 1.000000
0.915505 -0.084587 -0.393313 -11.340944 -0.025225 0.963653 -0.265963 87.728806 0.401514 0.253412 0.880096 -11.951171 0.000000 0.000000 0.000000 1.000000
0.909821 -0.078313 -0.407545 -11.000554 -0.029674 0.967244 -0.252109 87.921776 0.413939 0.241467 0.877695 -11.824520 0.000000 0.000000 0.000000 1.000000
0.904397 -0.071600 -0.420641 -10.704268 -0.033552 0.970835 -0.237389 88.132439 0.425370 0.228808 0.875618 -11.707766 0.000000 0.000000 0.000000 1.000000
0.899974 -0.066125 -0.430900 -10.309118 -0.037178 0.973187 -0.226992 88.386841 0.434356 0.220307 0.873384 -11.537874 0.000000 0.000000 0.000000 1.000000
0.895607 -0.061575 -0.440565 -9.849784 -0.040717 0.974870 -0.219024 88.663109 0.442979 0.214098 0.870593 -11.365905 0.000000 0.000000 0.000000 1.000000
0.891691 -0.057297 -0.449004 -9.312646 -0.044213 0.976188 -0.212375 88.949585 0.450480 0.209225 0.867924 -11.177187 0.000000 0.000000 0.000000 1.000000
0.888005 -0.053328 -0.456732 -8.683311 -0.048083 0.977039 -0.207564 89.235977 0.457314 0.206279 0.865051 -10.940311 0.000000 0.000000 0.000000 1.000000
0.883887 -0.050347 -0.464982 -7.941709 -0.051939 0.977474 -0.204567 89.526855 0.464807 0.204965 0.861361 -10.629989 0.000000 0.000000 0.000000 1.000000
0.879801 -0.047655 -0.472947 -7.160279 -0.055392 0.977905 -0.201578 89.820778 0.472103 0.203546 0.857722 -10.294971 0.000000 0.000000 0.000000 1.000000
0.876581 -0.045416 -0.479106 -6.291977 -0.056994 0.978735 -0.197054 90.125443 0.477867 0.200040 0.855352 -9.909927 0.000000 0.000000 0.000000 1.000000
0.874890 -0.043374 -0.482375 -5.371161 -0.057308 0.979714 -0.192034 90.414536 0.480919 0.195653 0.854656 -9.477509 0.000000 0.000000 0.000000 1.000000
0.874679 -0.042540 -0.482832 -4.398496 -0.057443 0.980023 -0.190406 90.650208 0.481287 0.194280 0.854762 -8.957653 0.000000 0.000000 0.000000 1.000000
0.874833 -0.042367 -0.482568 -3.414020 -0.057670 0.979975 -0.190586 90.839394 0.480980 0.194561 0.854871 -8.412833 0.000000 0.000000 0.000000 1.000000
0.873438 -0.043630 -0.484976 -2.354924 -0.058713 0.979274 -0.193842 90.959984 0.483382 0.197784 0.852774 -7.809833 0.000000 0.000000 0.000000 1.000000
0.875471 -0.044572 -0.481211 -1.439402 -0.058942 0.978456 -0.197863 90.994598 0.479663 0.201587 0.853982 -7.281682 0.000000 0.000000 0.000000 1.000000
0.882863 -0.044093 -0.467556 -0.756724 -0.057524 0.977933 -0.200843 90.959366 0.466094 0.204213 0.860845 -6.890527 0.000000 0.000000 0.000000 1.000000
0.890877 -0.043429 -0.452165 -0.099459 -0.055768 0.977432 -0.203756 90.910217 0.450809 0.206738 0.868349 -6.514698 0.000000 0.000000 0.000000 1.000000
0.899193 -0.042587 -0.435474 0.533604 -0.053757 0.976960 -0.206543 90.851196 0.434237 0.209132 0.876186 -6.152884 0.000000 0.000000 0.000000 1.000000
0.907523 -0.041575 -0.417941 1.143678 -0.051585 0.976522 -0.209152 90.786324 0.416823 0.211370 0.884071 -5.803771 0.000000 0.000000 0.000000 1.000000
0.915608 -0.040403 -0.400036 1.731974 -0.049353 0.976121 -0.211547 90.719650 0.399031 0.213437 0.891750 -5.466050 0.000000 0.000000 0.000000 1.000000
0.923231 -0.039086 -0.382253 2.299706 -0.047171 0.975759 -0.213704 90.655212 0.381340 0.215329 0.899007 -5.138407 0.000000 0.000000 0.000000 1.000000
0.930207 -0.037637 -0.365100 2.848085 -0.045159 0.975435 -0.215610 90.597046 0.364246 0.217049 0.905657 -4.819531 0.000000 0.000000 0.000000 1.000000
0.935704 -0.033693 -0.351173 2.873449 -0.045217 0.975765 -0.214099 90.565102 0.349876 0.216212 0.911504 -4.762248 0.000000 0.000000 0.000000 1.000000
0.941220 -0.030374 -0.336427 2.806955 -0.045465 0.975496 -0.215268 90.539970 0.334722 0.217910 0.916775 -4.737819 0.000000 0.000000 0.000000 1.000000
0.946040 -0.027666 -0.322868 2.535769 -0.045302 0.975273 -0.216311 90.540764 0.320869 0.219265 0.921393 -4.773518 0.000000 0.000000 0.000000 1.000000
0.950286 -0.025342 -0.310346 1.982465 -0.044653 0.975290 -0.216368 90.572159 0.308161 0.219469 0.925673 -4.891945 0.000000 0.000000 0.000000 1.000000
0.954646 -0.022722 -0.296874 1.366064 -0.044104 0.975292 -0.216472 90.603523 0.294457 0.219748 0.930057 -5.030996 0.000000 0.000000 0.000000 1.000000
0.958722 -0.020226 -0.283625 0.711370 -0.043451 0.975331 -0.216429 90.639915 0.281006 0.219819 0.934192 -5.181077 0.000000 0.000000 0.000000 1.000000
0.962181 -0.018285 -0.271795 0.043182 -0.042488 0.975460 -0.216038 90.686401 0.269076 0.219416 0.937793 -5.332600 0.000000 0.000000 0.000000 1.000000
0.964751 -0.017336 -0.262594 -0.613697 -0.041012 0.975732 -0.215093 90.748032 0.259950 0.218281 0.940627 -5.475969 0.000000 0.000000 0.000000 1.000000
0.966183 -0.017809 -0.257243 -1.234467 -0.038822 0.976194 -0.213397 90.829865 0.254919 0.216167 0.942490 -5.601596 0.000000 0.000000 0.000000 1.000000
0.966863 -0.019266 -0.254570 -1.832291 -0.036129 0.976787 -0.211142 90.925484 0.252728 0.213343 0.943723 -5.715940 0.000000 0.000000 0.000000 1.000000
0.967356 -0.020974 -0.252552 -2.435646 -0.033285 0.977420 -0.208667 91.024864 0.251226 0.210261 0.944815 -5.831442 0.000000 0.000000 0.000000 1.000000
0.967679 -0.022909 -0.251141 -3.042697 -0.030310 0.978081 -0.206007 91.127686 0.250356 0.206961 0.945774 -5.947488 0.000000 0.000000 0.000000 1.000000
0.967848 -0.025045 -0.250286 -3.651608 -0.027220 0.978759 -0.203198 91.233589 0.250059 0.203477 0.946608 -6.063461 0.000000 0.000000 0.000000 1.000000
0.967876 -0.027355 -0.249936 -4.260544 -0.024035 0.979445 -0.200274 91.342262 0.250277 0.199848 0.947324 -6.178745 0.000000 0.000000 0.000000 1.000000
0.967777 -0.029814 -0.250038 -4.867671 -0.020773 0.980129 -0.197271 91.453354 0.250951 0.196109 0.947927 -6.292726 0.000000 0.000000 0.000000 1.000000
0.967564 -0.032397 -0.250541 -5.471154 -0.017452 0.980802 -0.194223 91.566536 0.252023 0.192296 0.948423 -6.404786 0.000000 0.000000 0.000000 1.000000
0.967250 -0.035080 -0.251389 -6.069158 -0.014089 0.981457 -0.191165 91.681465 0.253434 0.188446 0.948820 -6.514310 0.000000 0.000000 0.000000 1.000000
0.966849 -0.037838 -0.252530 -6.659847 -0.010702 0.982086 -0.188128 91.797813 0.255124 0.184594 0.949124 -6.620683 0.000000 0.000000 0.000000 1.000000
0.966374 -0.040650 -0.253906 -7.241388 -0.007309 0.982684 -0.185146 91.915245 0.257036 0.180777 0.949343 -6.723288 0.000000 0.000000 0.000000 1.000000
0.965840 -0.043495 -0.255463 -7.811945 -0.003927 0.983244 -0.182251 92.033424 0.259110 0.177029 0.949486 -6.821509 0.000000 0.000000 0.000000 1.000000
0.965261 -0.046351 -0.257144 -8.369683 -0.000572 0.983763 -0.179474 92.152008 0.261287 0.173386 0.949561 -6.914731 0.000000 0.000000 0.000000 1.000000
0.964653 -0.049200 -0.258891 -8.912768 0.002738 0.984235 -0.176844 92.270676 0.263510 0.169884 0.949580 -7.002337 0.000000 0.000000 0.000000 1.000000
0.964032 -0.052024 -0.260646 -9.439364 0.005987 0.984658 -0.174391 92.389076 0.265719 0.166558 0.949553 -7.083713 0.000000 0.000000 0.000000 1.000000
0.963415 -0.054807 -0.262350 -9.947637 0.009160 0.985029 -0.172143 92.506889 0.267857 0.163442 0.949494 -7.158242 0.000000 0.000000 0.000000 1.000000
0.960758 -0.059608 -0.270909 -10.006842 0.011977 0.984642 -0.174173 92.659698 0.277130 0.164093 0.946717 -7.052438 0.000000 0.000000 0.000000 1.000000
0.956833 -0.065024 -0.283271 -9.708953 0.014488 0.984111 -0.176962 92.825623 0.290277 0.165219 0.942572 -6.806894 0.000000 0.000000 0.000000 1.000000
0.954309 -0.068253 -0.290922 -9.454906 0.017544 0.984684 -0.173466 92.968025 0.298305 0.160436 0.940890 -6.588028 0.000000 0.000000 0.000000 1.000000
0.951404 -0.070191 -0.299840 -9.084890 0.019264 0.985335 -0.169537 93.081329 0.307343 0.155522 0.938804 -6.323923 0.000000 0.000000 0.000000 1.000000
0.947208 -0.071424 -0.312563 -8.620922 0.018693 0.985515 -0.168554 93.161438 0.320074 0.153813 0.934823 -6.020208 0.000000 0.000000 0.000000 1.000000
0.942450 -0.072387 -0.326416 -8.123459 0.017426 0.985590 -0.168252 93.230911 0.333892 0.152881 0.930131 -5.703793 0.000000 0.000000 0.000000 1.000000
0.937420 -0.072982 -0.340465 -7.591289 0.015690 0.985648 -0.168081 93.289810 0.347846 0.152220 0.925112 -5.369599 0.000000 0.000000 0.000000 1.000000
0.932463 -0.073081 -0.353795 -7.023194 0.013705 0.985776 -0.167503 93.338142 0.361004 0.151341 0.920202 -5.012548 0.000000 0.000000 0.000000 1.000000
0.927732 -0.072239 -0.366190 -6.384984 0.011198 0.986037 -0.166148 93.364731 0.373080 0.150040 0.915587 -4.611355 0.000000 0.000000 0.000000 1.000000
0.923143 -0.070588 -0.377920 -5.683631 0.008124 0.986362 -0.164389 93.372528 0.384370 0.148684 0.911127 -4.172535 0.000000 0.000000 0.000000 1.000000
0.918736 -0.068860 -0.388822 -4.979660 0.005035 0.986640 -0.162836 93.382782 0.394840 0.147646 0.906809 -3.732710 0.000000 0.000000 0.000000 1.000000
0.915882 -0.067113 -0.395798 -4.282777 0.001924 0.986649 -0.162848 93.412399 0.401443 0.148388 0.903783 -3.300070 0.000000 0.000000 0.000000 1.000000
0.916049 -0.065370 -0.395702 -3.665634 -0.000883 0.986297 -0.164980 93.460228 0.401064 0.151479 0.903439 -2.940061 0.000000 0.000000 0.000000 1.000000
0.916637 -0.063619 -0.394624 -3.059723 -0.003651 0.985879 -0.167419 93.510612 0.399703 0.154903 0.903461 -2.590282 0.000000 0.000000 0.000000 1.000000
0.917386 -0.061855 -0.393163 -2.458303 -0.006409 0.985425 -0.169988 93.562027 0.397947 0.158464 0.903619 -2.244595 0.000000 0.000000 0.000000 1.000000
0.918038 -0.060084 -0.391914 -1.854638 -0.009177 0.984966 -0.172502 93.612930 0.396387 0.161960 0.903685 -1.896862 0.000000 0.000000 0.000000 1.000000</float_array>
        <technique_common>
          <accessor source="#mixamorig_Hips-Matrix-animation-output-transform-array" count="132" stride="16">
            <param type="float4x4"/>
          </accessor>
        </technique_common>
      </source>
      <source id="mixamorig_Hips-Interpolations">
        <Name_array id="mixamorig_Hips-Interpolations-array" count="132">
 LINEAR LINEAR LINEAR LINEAR LINEAR LINEAR LINEAR LINEAR LINEAR LINEAR LINEAR
LINEAR LINEAR LINEAR LINEAR LINEAR LINEAR LINEAR LINEAR LINEAR LINEAR LINEAR LINEAR
LINEAR LINEAR LINEAR LINEAR LINEAR LINEAR LINEAR LINEAR LINEAR LINEAR LINEAR LINEAR
LINEAR LINEAR LINEAR LINEAR LINEAR LINEAR LINEAR LINEAR LINEAR LINEAR LINEAR LINEAR
LINEAR LINEAR LINEAR LINEAR LINEAR LINEAR LINEAR LINEAR LINEAR LINEAR LINEAR LINEAR
LINEAR LINEAR LINEAR LINEAR LINEAR LINEAR LINEAR LINEAR LINEAR LINEAR LINEAR LINEAR
LINEAR LINEAR LINEAR LINEAR LINEAR LINEAR LINEAR LINEAR LINEAR LINEAR LINEAR LINEAR
LINEAR LINEAR LINEAR LINEAR LINEAR LINEAR LINEAR LINEAR LINEAR LINEAR LINEAR LINEAR
LINEAR LINEAR LINEAR LINEAR LINEAR LINEAR LINEAR LINEAR LINEAR LINEAR LINEAR LINEAR
LINEAR LINEAR LINEAR LINEAR LINEAR LINEAR LINEAR LINEAR LINEAR LINEAR LINEAR LINEAR
LINEAR LINEAR LINEAR LINEAR LINEAR LINEAR LINEAR LINEAR LINEAR LINEAR LINEAR LINEAR
LINEAR</Name_array>
        <technique_common>
          <accessor source="#mixamorig_Hips-Interpolations-array" count="132">
            <param type="name"/>
          </accessor>
        </technique_common>
      </source>
      <sampler id="mixamorig_Hips-Matrix-animation-transform">
        <input semantic="INPUT" source="#mixamorig_Hips-Matrix-animation-input"/>
        <input semantic="OUTPUT" source="#mixamorig_Hips-Matrix-animation-output-transform"/>
        <input semantic="INTERPOLATION" source="#mixamorig_Hips-Interpolations"/>
      </sampler>
      <channel source="#mixamorig_Hips-Matrix-animation-transform" target="mixamorig_Hips/matrix"/>
    </animation>
    <animation id="mixamorig_Spine-anim" name="mixamorig_Spine">
      <source id="mixamorig_Spine-Matrix-animation-input">
        <float_array id="mixamorig_Spine-Matrix-animation-input-array" count="132">

0.000000 0.033333 0.066667 0.100000 0.133333 0.166667 0.200000 0.233333 0.266667 0.300000 0.333333 0.366667 0.400000 0.433333 0.466667 0.500000
0.533333 0.566667 0.600000 0.633333 0.666667 0.700000 0.733333 0.766667 0.800000 0.833333 0.866667 0.900000 0.933333 0.966667 1.000000 1.033333
1.066667 1.100000 1.133333 1.166667 1.200000 1.233333 1.266667 1.300000 1.333333 1.366667 1.400000 1.433333 1.466667 1.500000 1.533333 1.566667
1.600000 1.633333 1.666667 1.700000 1.733333 1.766667 1.800000 1.833333 1.866667 1.900000 1.933333 1.966667 2.000000 2.033333 2.066667 2.100000
2.133333 2.166667 2.200000 2.233333 2.266667 2.300000 2.333333 2.366667 2.400000 2.433333 2.466667 2.500000 2.533333 2.566667 2.600000 2.633333
2.666667 2.700000 2.733333 2.766667 2.800000 2.833333 2.866667 2.900000 2.933333 2.966667 3.000000 3.033333 3.066667 3.100000 3.133333 3.166667
3.200000 3.233333 3.266667 3.300000 3.333333 3.366667 3.400000 3.433333 3.466667 3.500000 3.533333 3.566667 3.600000 3.633333 3.666667 3.700000
3.733333 3.766667 3.800000 3.833333 3.866667 3.900000 3.933333 3.966667 4.000000 4.033333 4.066667 4.100000 4.133333 4.166667 4.200000 4.233333
4.266667 4.300000 4.333333 4.366667</float_array>
        <technique_common>
          <accessor source="#mixamorig_Spine-Matrix-animation-input-array" count="132">
            <param name="TIME" type="float"/>
          </accessor>
        </technique_common>
      </source>
      <source id="mixamorig_Spine-Matrix-animation-output-transform">
        <float_array id="mixamorig_Spine-Matrix-animation-output-transform-array" count="2112">

0.999514 0.007505 -0.030244 0.000000 -0.011105 0.992632 -0.120662 11.384800 0.029116 0.120939 0.992233 -0.357600 0.000000 0.000000 0.000000 1.000000
0.999582 0.010043 -0.027117 0.000000 -0.013188 0.992878 -0.118402 11.384800 0.025735 0.118710 0.992595 -0.357600 0.000000 0.000000 0.000000 1.000000
0.999633 0.012567 -0.023979 -0.000000 -0.015271 0.993114 -0.116156 11.384800 0.022354 0.116479 0.992942 -0.357600 0.000000 0.000000 0.000000 1.000000
0.999663 0.014983 -0.021201 0.000000 -0.017282 0.993472 -0.112758 11.384800 0.019373 0.113086 0.993396 -0.357600 0.000000 0.000000 0.000000 1.000000
0.999666 0.017363 -0.019160 0.000000 -0.019301 0.994171 -0.106071 11.384800 0.017206 0.106406 0.994174 -0.357600 0.000000 0.000000 0.000000 1.000000
0.999656 0.019180 -0.017866 0.000000 -0.020855 0.994890 -0.098790 11.384800 0.015879 0.099128 0.994948 -0.357600 0.000000 0.000000 0.000000 1.000000
0.999657 0.018661 -0.018350 0.000000 -0.020341 0.995164 -0.096099 11.384800 0.016468 0.096439 0.995203 -0.357600 0.000000 0.000000 0.000000 1.000000
0.999700 0.013006 -0.020766 -0.000000 -0.015044 0.994755 -0.101171 11.384800 0.019342 0.101453 0.994652 -0.357600 0.000000 0.000000 0.000000 1.000000
0.999700 0.006558 -0.023613 -0.000000 -0.009141 0.993779 -0.110999 11.384800 0.022738 0.111181 0.993540 -0.357600 0.000000 0.000000 0.000000 1.000000
0.999655 0.000072 -0.026260 0.000000 -0.003464 0.991617 -0.129166 11.384800 0.026031 0.129212 0.991275 -0.357600 0.000000 0.000000 0.000000 1.000000
0.999556 -0.004588 -0.029442 0.000000 0.000113 0.988655 -0.150201 11.384800 0.029797 0.150131 0.988217 -0.357600 0.000000 0.000000 0.000000 1.000000
0.999393 -0.004308 -0.034570 0.000000 -0.001635 0.985433 -0.170054 11.384800 0.034799 0.170007 0.984828 -0.357600 0.000000 0.000000 0.000000 1.000000
0.999191 -0.002117 -0.040168 0.000000 -0.005478 0.982147 -0.188036 11.384800 0.039849 0.188104 0.981340 -0.357600 0.000000 0.000000 0.000000 1.000000
0.999031 0.001054 -0.043990 -0.000000 -0.009714 0.980332 -0.197114 11.384800 0.042917 0.197351 0.979393 -0.357600 0.000000 0.000000 0.000000 1.000000
0.999001 0.004160 -0.044503 0.000000 -0.013025 0.979538 -0.200837 11.384800 0.042757 0.201216 0.978613 -0.357600 0.000000 0.000000 0.000000 1.000000
0.999111 0.006228 -0.041701 -0.000000 -0.014558 0.979164 -0.202551 11.384800 0.039570 0.202978 0.978384 -0.357600 0.000000 0.000000 0.000000 1.000000
0.999342 0.006540 -0.035685 0.000000 -0.013622 0.979292 -0.201994 11.384800 0.033625 0.202347 0.978737 -0.357600 0.000000 0.000000 0.000000 1.000000
0.999614 0.005582 -0.027228 0.000000 -0.010761 0.980946 -0.193982 11.384800 0.025626 0.194200 0.980627 -0.357600 0.000000 0.000000 0.000000 1.000000
0.999822 0.004253 -0.018371 -0.000000 -0.007379 0.984784 -0.173628 11.384800 0.017353 0.173733 0.984640 -0.357600 0.000000 0.000000 0.000000 1.000000
0.999936 0.002554 -0.011041 0.000000 -0.004103 0.989760 -0.142680 11.384800 0.010564 0.142716 0.989707 -0.357600 0.000000 0.000000 0.000000 1.000000
0.999984 0.000204 -0.005635 0.000000 -0.000818 0.994019 -0.109206 11.384800 0.005579 0.109208 0.994003 -0.357600 0.000000 0.000000 0.000000 1.000000
0.999994 -0.002752 -0.002285 0.000000 0.002559 0.996724 -0.080834 11.384800 0.002500 0.080828 0.996725 -0.357600 0.000000 0.000000 0.000000 1.000000
0.999982 -0.005912 -0.001097 -0.000000 0.005837 0.998222 -0.059325 11.384800 0.001446 0.059318 0.998238 -0.357600 0.000000 0.000000 0.000000 1.000000
0.999968 -0.007942 -0.000874 -0.000000 0.007899 0.999115 -0.041321 11.384800 0.001202 0.041313 0.999146 -0.357600 0.000000 0.000000 0.000000 1.000000
0.999952 -0.009795 -0.000698 0.000000 0.009776 0.999689 -0.022948 11.384800 0.000923 0.022940 0.999736 -0.357600 0.000000 0.000000 0.000000 1.000000
0.999942 -0.010662 -0.001592 0.000000 0.010656 0.999938 -0.003301 11.384800 0.001627 0.003284 0.999993 -0.357600 0.000000 0.000000 0.000000 1.000000
0.999936 -0.010298 -0.004741 0.000000 0.010372 0.999821 0.015817 11.384800 0.004577 -0.015865 0.999864 -0.357600 0.000000 0.000000 0.000000 1.000000
0.999928 -0.007972 -0.008926 0.000000 0.008256 0.999446 0.032252 11.384800 0.008664 -0.032323 0.999440 -0.357600 0.000000 0.000000 0.000000 1.000000
0.999931 -0.002918 -0.011415 0.000000 0.003428 0.998982 0.044977 11.384800 0.011272 -0.045013 0.998923 -0.357600 0.000000 0.000000 0.000000 1.000000
0.999941 0.002723 -0.010560 0.000000 -0.002147 0.998530 0.054153 11.384800 0.010692 -0.054127 0.998477 -0.357600 0.000000 0.000000 0.000000 1.000000
0.999948 0.007467 -0.006997 0.000000 -0.007028 0.998125 0.060805 11.384800 0.007438 -0.060753 0.998125 -0.357600 0.000000 0.000000 0.000000 1.000000
0.999935 0.011222 -0.002225 0.000000 -0.011050 0.997750 0.066133 11.384800 0.002962 -0.066104 0.997808 -0.357600 0.000000 0.000000 0.000000 1.000000
0.999883 0.015076 0.002397 0.000000 -0.015207 0.997411 0.070288 11.384800 -0.001331 -0.070317 0.997524 -0.357600 0.000000 0.000000 0.000000 1.000000
0.999805 0.018792 0.005998 -0.000000 -0.019176 0.997210 0.072146 11.384800 -0.004625 -0.072247 0.997376 -0.357600 0.000000 0.000000 0.000000 1.000000
0.999739 0.021115 0.008675 0.000000 -0.021676 0.997268 0.070622 11.384800 -0.007160 -0.070791 0.997465 -0.357600 0.000000 0.000000 0.000000 1.000000
0.999700 0.021745 0.011245 -0.000000 -0.022433 0.997621 0.065191 11.384800 -0.009801 -0.065423 0.997809 -0.357600 0.000000 0.000000 0.000000 1.000000
0.999658 0.022117 0.013986 0.000000 -0.022821 0.998367 0.052361 11.384800 -0.012806 -0.052662 0.998530 -0.357600 0.000000 0.000000 0.000000 1.000000
0.999592 0.023210 0.016665 -0.000000 -0.023793 0.999079 0.035704 11.384800 -0.015821 -0.036086 0.999223 -0.357600 0.000000 0.000000 0.000000 1.000000
0.999435 0.027914 0.018737 0.000000 -0.028055 0.999579 0.007338 11.384800 -0.018525 -0.007859 0.999798 -0.357600 0.000000 0.000000 0.000000 1.000000
0.999290 0.031751 0.020302 0.000000 -0.031148 0.999084 -0.029345 11.384800 -0.021216 0.028692 0.999363 -0.357600 0.000000 0.000000 0.000000 1.000000
0.999160 0.035134 0.021107 -0.000000 -0.033651 0.997190 -0.066924 11.384800 -0.023399 0.066157 0.997535 -0.357600 0.000000 0.000000 0.000000 1.000000
0.999143 0.036521 0.019491 0.000000 -0.034379 0.994315 -0.100774 11.384800 -0.023061 0.100018 0.994718 -0.357600 0.000000 0.000000 0.000000 1.000000
0.999104 0.039450 0.015350 0.000000 -0.037185 0.991196 -0.127078 11.384800 -0.020228 0.126393 0.991774 -0.357600 0.000000 0.000000 0.000000 1.000000
0.999031 0.043031 0.009259 -0.000000 -0.041196 0.988184 -0.147630 11.384800 -0.015502 0.147105 0.988999 -0.357600 0.000000 0.000000 0.000000 1.000000
0.999043 0.043717 0.001075 0.000000 -0.042931 0.985166 -0.166145 11.384800 -0.008322 0.165940 0.986101 -0.357600 0.000000 0.000000 0.000000 1.000000
0.999151 0.040396 -0.008069 0.000000 -0.041191 0.982041 -0.184116 11.384800 0.000486 0.184292 0.982871 -0.357600 0.000000 0.000000 0.000000 1.000000
0.999185 0.037485 -0.014944 -0.000000 -0.039726 0.978786 -0.200996 11.384800 0.007093 0.201426 0.979478 -0.357600 0.000000 0.000000 0.000000 1.000000
0.999106 0.038046 -0.018431 0.000000 -0.041145 0.975259 -0.217203 11.384800 0.009712 0.217767 0.975953 -0.357600 0.000000 0.000000 0.000000 1.000000
0.999014 0.039921 -0.019421 0.000000 -0.043363 0.971241 -0.234115 11.384800 0.009517 0.234726 0.972015 -0.357600 0.000000 0.000000 0.000000 1.000000
0.999051 0.038800 -0.019805 0.000000 -0.042533 0.967037 -0.251060 11.384800 0.009411 0.251664 0.967769 -0.357600 0.000000 0.000000 0.000000 1.000000
0.999190 0.034350 -0.020981 0.000000 -0.038681 0.963591 -0.264567 11.384800 0.011130 0.265164 0.964139 -0.357600 0.000000 0.000000 0.000000 1.000000
0.999296 0.030028 -0.022478 0.000000 -0.035009 0.961803 -0.271495 11.384800 0.013467 0.272091 0.962177 -0.357600 0.000000 0.000000 0.000000 1.000000
0.999342 0.027891 -0.023176 0.000000 -0.033151 0.961676 -0.272178 11.384800 0.014697 0.272767 0.961968 -0.357600 0.000000 0.000000 0.000000 1.000000
0.999356 0.027975 -0.022452 0.000000 -0.033005 0.962269 -0.270092 11.384800 0.014049 0.270659 0.962573 -0.357600 0.000000 0.000000 0.000000 1.000000
0.999368 0.029073 -0.020450 0.000000 -0.033504 0.962636 -0.268719 11.384800 0.011873 0.269234 0.963002 -0.357600 0.000000 0.000000 0.000000 1.000000
0.999406 0.029349 -0.018066 0.000000 -0.033129 0.962591 -0.268926 11.384800 0.009498 0.269365 0.962991 -0.357600 0.000000 0.000000 0.000000 1.000000
0.999474 0.028071 -0.016239 -0.000000 -0.031409 0.962552 -0.269270 11.384800 0.008072 0.269638 0.962928 -0.357600 0.000000 0.000000 0.000000 1.000000
0.999413 0.029517 -0.017411 0.000000 -0.033093 0.963247 -0.266570 11.384800 0.008903 0.266990 0.963658 -0.357600 0.000000 0.000000 0.000000 1.000000
0.999343 0.031056 -0.018659 0.000000 -0.034882 0.963941 -0.263820 11.384800 0.009793 0.264298 0.964391 -0.357600 0.000000 0.000000 0.000000 1.000000
0.999267 0.032675 -0.019967 0.000000 -0.036758 0.964633 -0.261020 11.384800 0.010732 0.261562 0.965127 -0.357600 0.000000 0.000000 0.000000 1.000000
0.999182 0.034355 -0.021321 -0.000000 -0.038700 0.965324 -0.258169 11.384800 0.011712 0.258783 0.965864 -0.357600 0.000000 0.000000 0.000000 1.000000
0.999091 0.036081 -0.022705 0.000000 -0.040688 0.966013 -0.255270 11.384800 0.012723 0.255962 0.966603 -0.357600 0.000000 0.000000 0.000000 1.000000
0.998993 0.037836 -0.024105 0.000000 -0.042702 0.966701 -0.252322 11.384800 0.013755 0.253098 0.967343 -0.357600 0.000000 0.000000 0.000000 1.000000
0.998890 0.039605 -0.025506 0.000000 -0.044722 0.967386 -0.249328 11.384800 0.014800 0.250192 0.968083 -0.357600 0.000000 0.000000 0.000000 1.000000
0.998782 0.041369 -0.026894 -0.000000 -0.046729 0.968070 -0.246287 11.384800 0.015846 0.247244 0.968824 -0.357600 0.000000 0.000000 0.000000 1.000000
0.998671 0.043113 -0.028255 0.000000 -0.048702 0.968752 -0.243203 11.384800 0.016887 0.244256 0.969564 -0.357600 0.000000 0.000000 0.000000 1.000000
0.998557 0.044818 -0.029574 0.000000 -0.050621 0.969433 -0.240076 11.384800 0.017911 0.241227 0.970304 -0.357600 0.000000 0.000000 0.000000 1.000000
0.998444 0.046468 -0.030839 0.000000 -0.052467 0.970114 -0.236908 11.384800 0.018909 0.238157 0.971042 -0.357600 0.000000 0.000000 0.000000 1.000000
0.998331 0.048045 -0.032036 0.000000 -0.054219 0.970795 -0.233702 11.384800 0.019872 0.235049 0.971780 -0.357600 0.000000 0.000000 0.000000 1.000000
0.998236 0.049368 -0.032989 0.000000 -0.055655 0.971553 -0.230191 11.384800 0.020686 0.231621 0.972586 -0.357600 0.000000 0.000000 0.000000 1.000000
0.998162 0.050376 -0.033702 0.000000 -0.056716 0.972414 -0.226263 11.384800 0.021374 0.227759 0.973483 -0.357600 0.000000 0.000000 0.000000 1.000000
0.998093 0.051234 -0.034432 0.000000 -0.057625 0.973308 -0.222149 11.384800 0.022132 0.223710 0.974404 -0.357600 0.000000 0.000000 0.000000 1.000000
0.998012 0.052110 -0.035436 0.000000 -0.058609 0.974170 -0.218079 11.384800 0.023157 0.219722 0.975288 -0.357600 0.000000 0.000000 0.000000 1.000000
0.997878 0.052709 -0.038218 -0.000000 -0.059694 0.975035 -0.213876 11.384800 0.025991 0.215704 0.976113 -0.357600 0.000000 0.000000 0.000000 1.000000
0.997760 0.052827 -0.041046 0.000000 -0.060313 0.975788 -0.210240 11.384800 0.028946 0.212245 0.976788 -0.357600 0.000000 0.000000 0.000000 1.000000
0.997697 0.051997 -0.043546 0.000000 -0.059937 0.976436 -0.207317 11.384800 0.031740 0.209450 0.977304 -0.357600 0.000000 0.000000 0.000000 1.000000
0.997664 0.050793 -0.045673 0.000000 -0.059102 0.977113 -0.204344 11.384800 0.034249 0.206566 0.977833 -0.357600 0.000000 0.000000 0.000000 1.000000
0.997605 0.050321 -0.047462 0.000000 -0.058870 0.977905 -0.200590 11.384800 0.036319 0.202903 0.978525 -0.357600 0.000000 0.000000 0.000000 1.000000
0.997538 0.050034 -0.049137 -0.000000 -0.058783 0.978674 -0.196830 11.384800 0.038241 0.199234 0.979206 -0.357600 0.000000 0.000000 0.000000 1.000000
0.997473 0.049899 -0.050576 0.000000 -0.058817 0.979269 -0.193836 11.384800 0.039856 0.196321 0.979729 -0.357600 0.000000 0.000000 0.000000 1.000000
0.997472 0.049082 -0.051382 0.000000 -0.058108 0.979620 -0.192269 11.384800 0.040897 0.194769 0.979996 -0.357600 0.000000 0.000000 0.000000 1.000000
0.997596 0.047367 -0.050592 0.000000 -0.056251 0.979817 -0.191817 11.384800 0.040485 0.194202 0.980126 -0.357600 0.000000 0.000000 0.000000 1.000000
0.997768 0.045529 -0.048852 0.000000 -0.054103 0.979958 -0.191718 11.384800 0.039144 0.193934 0.980233 -0.357600 0.000000 0.000000 0.000000 1.000000
0.997995 0.044117 -0.045376 0.000000 -0.052043 0.980059 -0.191768 11.384800 0.036011 0.193745 0.980391 -0.357600 0.000000 0.000000 0.000000 1.000000
0.998244 0.042284 -0.041474 0.000000 -0.049503 0.980096 -0.192252 11.384800 0.032519 0.193968 0.980469 -0.357600 0.000000 0.000000 0.000000 1.000000
0.998485 0.039641 -0.038167 0.000000 -0.046295 0.980069 -0.193186 11.384800 0.029749 0.194660 0.980420 -0.357600 0.000000 0.000000 0.000000 1.000000
0.998712 0.036839 -0.034895 0.000000 -0.042935 0.980020 -0.194211 11.384800 0.027043 0.195459 0.980339 -0.357600 0.000000 0.000000 0.000000 1.000000
0.998922 0.033945 -0.031648 0.000000 -0.039488 0.979952 -0.195282 11.384800 0.024384 0.196321 0.980236 -0.357600 0.000000 0.000000 0.000000 1.000000
0.999114 0.031027 -0.028419 -0.000000 -0.036015 0.979872 -0.196353 11.384800 0.021754 0.197202 0.980121 -0.357600 0.000000 0.000000 0.000000 1.000000
0.999286 0.028151 -0.025201 0.000000 -0.032580 0.979786 -0.197378 11.384800 0.019135 0.198058 0.980004 -0.357600 0.000000 0.000000 0.000000 1.000000
0.999436 0.025384 -0.021988 0.000000 -0.029246 0.979702 -0.198312 11.384800 0.016508 0.198844 0.979892 -0.357600 0.000000 0.000000 0.000000 1.000000
0.999564 0.022791 -0.018775 0.000000 -0.026077 0.979630 -0.199112 11.384800 0.013855 0.199515 0.979797 -0.357600 0.000000 0.000000 0.000000 1.000000
0.999625 0.022287 -0.015892 0.000000 -0.025000 0.979787 -0.198476 11.384800 0.011147 0.198799 0.979977 -0.357600 0.000000 0.000000 0.000000 1.000000
