<?xml version="1.0" encoding="utf-8"?>
<COLLADA xmlns="http://www.collada.org/2005/11/COLLADASchema" version="1.4.1">
  <asset>
    <contributor>
      <author>Mixamo</author>
      <authoring_tool>COLLADA Mixamo exporter</authoring_tool>
      <comments/>
    </contributor>
    <created>2024-04-05T05:28:07Z</created>
    <modified>2024-04-05T05:28:07Z</modified>
    <revision/>
    <title/>
    <unit meter="0.010000"/>
    <up_axis>Y_UP</up_axis>
  </asset>
  <library_animations>
    <animation id="mixamorig_Hips-anim" name="mixamorig_Hips">
      <source id="mixamorig_Hips-Matrix-animation-input">
        <float_array id="mixamorig_Hips-Matrix-animation-input-array" count="100">

0.000000 0.033333 0.066667 0.100000 0.133333 0.166667 0.200000 0.233333 0.266667 0.300000 0.333333 0.366667 0.400000 0.433333 0.466667 0.500000
0.533333 0.566667 0.600000 0.633333 0.666667 0.700000 0.733333 0.766667 0.800000 0.833333 0.866667 0.900000 0.933333 0.966667 1.000000 1.033333
1.066667 1.100000 1.133333 1.166667 1.200000 1.233333 1.266667 1.300000 1.333333 1.366667 1.400000 1.433333 1.466667 1.500000 1.533333 1.566667
1.600000 1.633333 1.666667 1.700000 1.733333 1.766667 1.800000 1.833333 1.866667 1.900000 1.933333 1.966667 2.000000 2.033333 2.066667 2.100000
2.133333 2.166667 2.200000 2.233333 2.266667 2.300000 2.333333 2.366667 2.400000 2.433333 2.466667 2.500000 2.533333 2.566667 2.600000 2.633333
2.666667 2.700000 2.733333 2.766667 2.800000 2.833333 2.866667 2.900000 2.933333 2.966667 3.000000 3.033333 3.066667 3.100000 3.133333 3.166667
3.200000 3.233333 3.266667 3.300000</float_array>
        <technique_common>
          <accessor source="#mixamorig_Hips-Matrix-animation-input-array" count="100">
            <param name="TIME" type="float"/>
          </accessor>
        </technique_common>
      </source>
      <source id="mixamorig_Hips-Matrix-animation-output-transform">
        <float_array id="mixamorig_Hips-Matrix-animation-output-transform-array" count="1600">

0.949751 -0.003043 -0.312991 0.980483 -0.058136 0.980839 -0.185946 94.048210 0.307560 0.194798 0.931376 -2.227530 0.000000 0.000000 0.000000 1.000000
0.959607 0.000551 -0.281345 0.723813 -0.049366 0.984814 -0.166447 94.181885 0.276980 0.173613 0.945061 -2.096010 0.000000 0.000000 0.000000 1.000000
0.968766 0.003287 -0.247954 0.459136 -0.040571 0.988540 -0.145405 94.337997 0.244634 0.150923 0.957798 -1.979082 0.000000 0.000000 0.000000 1.000000
0.977630 0.005709 -0.210256 0.168555 -0.031686 0.992221 -0.120388 94.559425 0.207933 0.124357 0.970206 -1.898416 0.000000 0.000000 0.000000 1.000000
0.985397 0.007284 -0.170115 -0.126270 -0.023761 0.995191 -0.095024 94.807373 0.168605 0.097678 0.980832 -1.847365 0.000000 0.000000 0.000000 1.000000
0.991911 0.011042 -0.126454 -0.396396 -0.020898 0.996821 -0.076883 95.066422 0.125204 0.078904 0.988989 -1.871644 0.000000 0.000000 0.000000 1.000000
0.997043 0.015980 -0.075167 -0.580278 -0.020981 0.997585 -0.066213 95.377586 0.073927 0.067594 0.994970 -1.802037 0.000000 0.000000 0.000000 1.000000
0.999722 0.018954 -0.014018 -0.649364 -0.019658 0.998458 -0.051918 95.847084 0.013012 0.052179 0.998553 -1.346636 0.000000 0.000000 0.000000 1.000000
0.998619 0.015603 0.050158 -0.615195 -0.014615 0.999693 -0.020001 96.514923 -0.050455 0.019240 0.998541 -0.281035 0.000000 0.000000 0.000000 1.000000
0.994613 0.003841 0.103590 -0.491392 -0.006746 0.999593 0.027710 97.186951 -0.103442 -0.028259 0.994234 1.340644 0.000000 0.000000 0.000000 1.000000
0.990454 -0.014476 0.137082 -0.286292 0.004217 0.997187 0.074830 97.536461 -0.137779 -0.073538 0.987729 3.263978 0.000000 0.000000 0.000000 1.000000
0.987256 -0.036063 0.154999 -0.041309 0.019042 0.993757 0.109929 97.354500 -0.157996 -0.105577 0.981779 5.275020 0.000000 0.000000 0.000000 1.000000
0.983226 -0.057633 0.173044 0.182643 0.034432 0.990356 0.134196 96.623894 -0.179110 -0.125987 0.975729 7.281366 0.000000 0.000000 0.000000 1.000000
0.975639 -0.075778 0.205882 0.330671 0.044160 0.987077 0.154039 95.443054 -0.214894 -0.141195 0.966377 9.237946 0.000000 0.000000 0.000000 1.000000
0.962664 -0.090065 0.255279 0.365611 0.046168 0.983838 0.173007 93.929420 -0.266735 -0.154762 0.951263 11.132795 0.000000 0.000000 0.000000 1.000000
0.945020 -0.103532 0.310191 0.289890 0.044876 0.980644 0.190589 92.247246 -0.323919 -0.166191 0.931374 13.027286 0.000000 0.000000 0.000000 1.000000
0.927162 -0.118905 0.355291 0.129477 0.046286 0.977390 0.206316 90.581902 -0.371790 -0.174843 0.911703 14.998903 0.000000 0.000000 0.000000 1.000000
0.914616 -0.134522 0.381290 -0.114066 0.050849 0.973812 0.221594 89.059952 -0.401114 -0.183285 0.897504 17.068123 0.000000 0.000000 0.000000 1.000000
0.909248 -0.146021 0.389803 -0.445663 0.054532 0.970167 0.236226 87.684494 -0.412668 -0.193531 0.890085 19.171434 0.000000 0.000000 0.000000 1.000000
0.908476 -0.151043 0.389690 -0.830970 0.054929 0.967474 0.246935 86.385513 -0.414313 -0.202929 0.887223 21.220133 0.000000 0.000000 0.000000 1.000000
0.908888 -0.152047 0.388335 -1.227742 0.053733 0.966103 0.252503 85.063217 -0.413564 -0.208630 0.886249 23.165035 0.000000 0.000000 0.000000 1.000000
0.909561 -0.153193 0.386304 -1.617403 0.053608 0.965061 0.256484 83.597557 -0.412098 -0.212579 0.885994 25.005409 0.000000 0.000000 0.000000 1.000000
0.912182 -0.156873 0.378570 -1.990249 0.056338 0.963060 0.263326 81.943733 -0.405894 -0.218874 0.887324 26.747759 0.000000 0.000000 0.000000 1.000000
0.916792 -0.159667 0.366059 -2.383340 0.061884 0.962327 0.264759 79.679550 -0.394542 -0.220076 0.892134 28.340420 0.000000 0.000000 0.000000 1.000000
0.923728 -0.160542 0.347782 -2.822568 0.071212 0.964079 0.255890 76.480545 -0.376370 -0.211607 0.901980 29.728456 0.000000 0.000000 0.000000 1.000000
0.930982 -0.161453 0.327423 -3.277941 0.081988 0.966446 0.243435 72.983025 -0.355740 -0.199788 0.912981 31.051058 0.000000 0.000000 0.000000 1.000000
0.938081 -0.162568 0.305902 -3.733066 0.093424 0.969052 0.228497 69.290314 -0.333581 -0.185770 0.924237 32.323212 0.000000 0.000000 0.000000 1.000000
0.944672 -0.163886 0.284142 -4.171549 0.104695 0.971579 0.212306 65.505730 -0.310860 -0.170811 0.934981 33.559902 0.000000 0.000000 0.000000 1.000000
0.952303 -0.162243 0.258448 -4.506827 0.115600 0.975629 0.186506 60.699139 -0.282409 -0.147734 0.947850 34.460197 0.000000 0.000000 0.000000 1.000000
0.963202 -0.157115 0.218076 -4.731245 0.123409 0.979296 0.160468 55.341042 -0.238773 -0.127651 0.962649 35.263790 0.000000 0.000000 0.000000 1.000000
0.976671 -0.152274 0.151417 -4.765726 0.130711 0.980991 0.143426 49.678123 -0.170378 -0.120288 0.978009 35.828579 0.000000 0.000000 0.000000 1.000000
0.985987 -0.154732 0.062359 -4.544871 0.145719 0.980796 0.129637 44.544250 -0.081220 -0.118733 0.989599 35.826443 0.000000 0.000000 0.000000 1.000000
0.985764 -0.167174 -0.017951 -4.044284 0.168125 0.981240 0.094356 41.230824 0.001840 -0.096030 0.995377 35.428684 0.000000 0.000000 0.000000 1.000000
0.981538 -0.181127 -0.061457 -3.367706 0.183294 0.982549 0.031632 40.471390 0.054655 -0.042313 0.997608 35.278038 0.000000 0.000000 0.000000 1.000000
0.980534 -0.180010 -0.078417 -2.643522 0.178325 0.983572 -0.028051 41.769653 0.082179 0.013521 0.996526 35.739239 0.000000 0.000000 0.000000 1.000000
0.981299 -0.165641 -0.098058 -2.108383 0.161623 0.985702 -0.047643 43.868477 0.104547 0.030903 0.994040 36.614353 0.000000 0.000000 0.000000 1.000000
0.980286 -0.152653 -0.125449 -1.915160 0.151479 0.988280 -0.018905 45.813774 0.126864 -0.000471 0.991920 37.688133 0.000000 0.000000 0.000000 1.000000
0.979509 -0.141781 -0.143039 -1.935700 0.146501 0.988944 0.022972 47.135071 0.138200 -0.043457 0.989450 39.034225 0.000000 0.000000 0.000000 1.000000
0.981457 -0.125426 -0.144952 -1.983635 0.132353 0.990430 0.039135 47.745850 0.138656 -0.057594 0.988664 40.767544 0.000000 0.000000 0.000000 1.000000
0.983779 -0.101789 -0.147707 -1.980927 0.107687 0.993654 0.032477 47.799919 0.143464 -0.047856 0.988498 42.803802 0.000000 0.000000 0.000000 1.000000
0.983008 -0.073147 -0.168357 -1.906772 0.079615 0.996313 0.031981 47.594620 0.165397 -0.044841 0.985207 44.893795 0.000000 0.000000 0.000000 1.000000
0.977677 -0.043474 -0.205566 -1.783051 0.054272 0.997411 0.047181 47.535789 0.202983 -0.057285 0.977505 46.923763 0.000000 0.000000 0.000000 1.000000
0.969564 -0.019318 -0.244073 -1.622303 0.035178 0.997531 0.060787 47.846939 0.242296 -0.067523 0.967850 48.945869 0.000000 0.000000 0.000000 1.000000
0.963655 -0.005188 -0.267099 -1.427964 0.021234 0.998136 0.057220 48.462006 0.266304 -0.060812 0.961969 51.058754 0.000000 0.000000 0.000000 1.000000
0.964274 0.000538 -0.264906 -1.201867 0.010292 0.999167 0.039491 49.130508 0.264706 -0.040806 0.963465 53.304821 0.000000 0.000000 0.000000 1.000000
0.971240 0.003965 -0.238068 -0.962436 0.001103 0.999776 0.021149 49.611702 0.238099 -0.020803 0.971018 55.685318 0.000000 0.000000 0.000000 1.000000
0.980553 0.009767 -0.196009 -0.737960 -0.007569 0.999900 0.011958 49.776894 0.196106 -0.010242 0.980529 58.182354 0.000000 0.000000 0.000000 1.000000
0.988547 0.018040 -0.149828 -0.524888 -0.016498 0.999797 0.011532 49.607300 0.150006 -0.008928 0.988645 60.747540 0.000000 0.000000 0.000000 1.000000
0.994090 0.026607 -0.105244 -0.292966 -0.025354 0.999591 0.013227 49.172607 0.105553 -0.010481 0.994358 63.347191 0.000000 0.000000 0.000000 1.000000
0.997385 0.033720 -0.063919 -0.025007 -0.033122 0.999397 0.010397 48.562698 0.064231 -0.008253 0.997901 65.983253 0.000000 0.000000 0.000000 1.000000
0.998850 0.038589 -0.028466 0.270709 -0.038658 0.999251 -0.001904 47.825592 0.028371 0.003002 0.999593 68.667236 0.000000 0.000000 0.000000 1.000000
0.999181 0.040411 -0.002262 0.556113 -0.040458 0.998810 -0.027240 46.953003 0.001158 0.027310 0.999626 71.371895 0.000000 0.000000 0.000000 1.000000
0.999149 0.038531 0.014750 0.780687 -0.037473 0.997096 -0.066303 45.927898 -0.017262 0.065694 0.997691 74.051773 0.000000 0.000000 0.000000 1.000000
0.999079 0.034025 0.026160 0.894168 -0.030765 0.992742 -0.116265 44.746090 -0.029926 0.115353 0.992874 76.708450 0.000000 0.000000 0.000000 1.000000
0.998781 0.032109 0.037492 0.875068 -0.025104 0.984375 -0.174287 43.416687 -0.042503 0.173134 0.983981 79.382278 0.000000 0.000000 0.000000 1.000000
0.997978 0.036956 0.051715 0.728145 -0.023501 0.970488 -0.240003 41.929222 -0.059058 0.238303 0.969394 82.098297 0.000000 0.000000 0.000000 1.000000
0.996636 0.044720 0.068686 0.490100 -0.021003 0.949397 -0.313375 40.203979 -0.079224 0.310878 0.947142 84.907684 0.000000 0.000000 0.000000 1.000000
0.995271 0.045027 0.086070 0.168016 -0.007676 0.919759 -0.392408 38.089249 -0.096833 0.389891 0.915756 87.809151 0.000000 0.000000 0.000000 1.000000
0.993741 0.036980 0.105407 -0.270406 0.017549 0.880215 -0.474251 35.526363 -0.110319 0.473133 0.874057 90.731491 0.000000 0.000000 0.000000 1.000000
0.990954 0.031483 0.130454 -0.863162 0.046798 0.830002 -0.555794 32.571278 -0.125775 0.556872 0.821021 93.571327 0.000000 0.000000 0.000000 1.000000
0.986231 0.035580 0.161503 -1.614977 0.076175 0.769079 -0.634598 29.250645 -0.146788 0.638163 0.755779 96.291573 0.000000 0.000000 0.000000 1.000000
0.979787 0.044112 0.195118 -2.505938 0.109698 0.697168 -0.708465 25.474709 -0.167282 0.715549 0.678237 98.923065 0.000000 0.000000 0.000000 1.000000
0.972456 0.048786 0.227924 -3.526298 0.150461 0.615446 -0.773685 21.216534 -0.178019 0.786668 0.591154 101.455185 0.000000 0.000000 0.000000 1.000000
0.963776 0.054482 0.261089 -4.655065 0.194752 0.525074 -0.828473 16.955673 -0.182228 0.849311 0.495444 103.803734 0.000000 0.000000 0.000000 1.000000
0.948167 0.085142 0.306155 -5.795656 0.244363 0.420537 -0.873748 13.729126 -0.203142 0.903272 0.377934 105.890091 0.000000 0.000000 0.000000 1.000000
0.911891 0.157578 0.378977 -6.830470 0.323566 0.292067 -0.900001 12.221036 -0.252507 0.943327 0.215346 107.735085 0.000000 0.000000 0.000000 1.000000
0.847688 0.241023 0.472581 -7.891397 0.449864 0.145529 -0.881161 12.048030 -0.281154 0.959546 0.014935 109.681374 0.000000 0.000000 0.000000 1.000000
0.783743 0.273196 0.557773 -9.337900 0.576521 0.014037 -0.816961 12.579206 -0.231020 0.961856 -0.146502 112.126762 0.000000 0.000000 0.000000 1.000000
0.755273 0.230807 0.613425 -11.415535 0.641881 -0.071298 -0.763483 13.673143 -0.132481 0.970384 -0.202000 115.094398 0.000000 0.000000 0.000000 1.000000
0.756625 0.157495 0.634598 -13.827054 0.652024 -0.109267 -0.750284 15.126850 -0.048825 0.981456 -0.185364 118.093590 0.000000 0.000000 0.000000 1.000000
0.760815 0.105489 0.640338 -16.029831 0.648954 -0.130382 -0.749573 16.264498 0.004417 0.985836 -0.167654 120.673470 0.000000 0.000000 0.000000 1.000000
0.750116 0.088836 0.655312 -17.748947 0.659746 -0.168556 -0.732341 16.573267 0.045399 0.981681 -0.185046 122.788658 0.000000 0.000000 0.000000 1.000000
0.729757 0.097616 0.676702 -19.041773 0.678420 -0.226236 -0.698974 16.222523 0.084863 0.969169 -0.231322 124.590370 0.000000 0.000000 0.000000 1.000000
0.719878 0.118729 0.683871 -20.061874 0.685246 -0.278445 -0.672983 15.665332 0.110518 0.953085 -0.281805 126.111946 0.000000 0.000000 0.000000 1.000000
0.730926 0.142039 0.667512 -20.782192 0.674106 -0.302813 -0.673711 15.128049 0.106438 0.942406 -0.317083 127.126350 0.000000 0.000000 0.000000 1.000000
0.757211 0.162939 0.632521 -21.137714 0.649188 -0.294523 -0.701293 14.548378 0.072024 0.941651 -0.328794 127.537918 0.000000 0.000000 0.000000 1.000000
0.788311 0.181154 0.588004 -21.204180 0.614959 -0.262672 -0.743524 13.884356 0.019760 0.947727 -0.318470 127.324104 0.000000 0.000000 0.000000 1.000000
0.814449 0.195763 0.546214 -21.293161 0.579384 -0.223404 -0.783840 13.280906 -0.031421 0.954865 -0.295373 126.629135 0.000000 0.000000 0.000000 1.000000
0.827574 0.206446 0.522017 -21.496731 0.557708 -0.196518 -0.806438 12.910499 -0.063900 0.958520 -0.277770 125.795586 0.000000 0.000000 0.000000 1.000000
0.825931 0.220261 0.518963 -21.451345 0.558822 -0.198154 -0.805266 12.770185 -0.074534 0.955102 -0.286749 125.092560 0.000000 0.000000 0.000000 1.000000
0.815659 0.247231 0.523047 -20.908243 0.573659 -0.228514 -0.786573 12.843209 -0.074942 0.941625 -0.328215 124.571609 0.000000 0.000000 0.000000 1.000000
0.807647 0.283845 0.516854 -20.208891 0.584434 -0.268813 -0.765622 13.090762 -0.078381 0.920419 -0.382994 124.079353 0.000000 0.000000 0.000000 1.000000
0.807550 0.316857 0.497459 -19.560255 0.581796 -0.289469 -0.760080 13.271111 -0.096838 0.903222 -0.418107 123.833252 0.000000 0.000000 0.000000 1.000000
0.811987 0.335373 0.477706 -19.167892 0.569129 -0.273343 -0.775484 13.012183 -0.129499 0.901559 -0.412822 123.755829 0.000000 0.000000 0.000000 1.000000
0.814162 0.340595 0.470251 -18.982544 0.556955 -0.229151 -0.798305 12.338093 -0.164141 0.911858 -0.376262 123.688980 0.000000 0.000000 0.000000 1.000000
0.812743 0.339195 0.473704 -18.906809 0.551195 -0.184221 -0.813785 11.697817 -0.188766 0.922502 -0.336687 123.460693 0.000000 0.000000 0.000000 1.000000
0.813022 0.336406 0.475211 -18.799723 0.546332 -0.158623 -0.822411 11.460135 -0.201284 0.928262 -0.312754 123.121872 0.000000 0.000000 0.000000 1.000000
0.819874 0.334251 0.464847 -18.570442 0.533882 -0.153036 -0.831595 11.556038 -0.206823 0.929977 -0.303921 122.756706 0.000000 0.000000 0.000000 1.000000
0.831292 0.332106 0.445712 -18.306118 0.515248 -0.159627 -0.842044 11.698086 -0.208500 0.929637 -0.303813 122.457588 0.000000 0.000000 0.000000 1.000000
0.832510 0.330641 0.444526 -18.246836 0.513668 -0.160093 -0.842921 11.646677 -0.207539 0.930079 -0.303119 122.366669 0.000000 0.000000 0.000000 1.000000
0.832790 0.329378 0.444939 -18.203989 0.513655 -0.160027 -0.842941 11.578093 -0.206444 0.930538 -0.302455 122.287560 0.000000 0.000000 0.000000 1.000000
0.832549 0.328147 0.446298 -18.171974 0.514541 -0.159643 -0.842474 11.499369 -0.205207 0.931039 -0.301756 122.219681 0.000000 0.000000 0.000000 1.000000
0.832201 0.326777 0.447949 -18.145185 0.515656 -0.159156 -0.841884 11.417538 -0.203814 0.931604 -0.300954 122.162437 0.000000 0.000000 0.000000 1.000000
0.832162 0.325098 0.449240 -18.118017 0.516331 -0.158773 -0.841542 11.339640 -0.202257 0.932257 -0.299983 122.115234 0.000000 0.000000 0.000000 1.000000
0.832851 0.322942 0.449519 -18.084869 0.515897 -0.158699 -0.841822 11.272706 -0.200522 0.933018 -0.298778 122.077484 0.000000 0.000000 0.000000 1.000000
0.834442 0.320092 0.448605 -18.046373 0.514112 -0.158968 -0.842863 11.218696 -0.198480 0.933954 -0.297213 122.057281 0.000000 0.000000 0.000000 1.000000
0.836650 0.316620 0.446955 -18.007118 0.511430 -0.159417 -0.844408 11.172608 -0.196104 0.935060 -0.295306 122.057327 0.000000 0.000000 0.000000 1.000000
0.839197 0.312789 0.444872 -17.967426 0.508224 -0.159953 -0.846241 11.131049 -0.193536 0.936258 -0.293199 122.068954 0.000000 0.000000 0.000000 1.000000
0.841814 0.308864 0.442664 -17.927628 0.504875 -0.160486 -0.848142 11.090623 -0.190919 0.937468 -0.291037 122.083458 0.000000 0.000000 0.000000 1.000000
0.844238 0.305112 0.440646 -17.888046 0.501766 -0.160941 -0.849899 11.047932 -0.188396 0.938619 -0.288967 122.092194 0.000000 0.000000 0.000000 1.000000</float_array>
        <technique_common>
          <accessor source="#mixamorig_Hips-Matrix-animation-output-transform-array" count="100" stride="16">
            <param type="float4x4"/>
          </accessor>
        </technique_common>
      </source>
      <source id="mixamorig_Hips-Interpolations">
        <Name_array id="mixamorig_Hips-Interpolations-array" count="100">
 LINEAR LINEAR LINEAR LINEAR LINEAR LINEAR LINEAR LINEAR LINEAR LINEAR LINEAR
LINEAR LINEAR LINEAR LINEAR LINEAR LINEAR LINEAR LINEAR LINEAR LINEAR LINEAR LINEAR
LINEAR LINEAR LINEAR LINEAR LINEAR LINEAR LINEAR LINEAR LINEAR LINEAR LINEAR LINEAR
LINEAR LINEAR LINEAR LINEAR LINEAR LINEAR LINEAR LINEAR LINEAR LINEAR LINEAR LINEAR
LINEAR LINEAR LINEAR LINEAR LINEAR LINEAR LINEAR LINEAR LINEAR LINEAR LINEAR LINEAR
LINEAR LINEAR LINEAR LINEAR LINEAR LINEAR LINEAR LINEAR LINEAR LINEAR LINEAR LINEAR
LINEAR LINEAR LINEAR LINEAR LINEAR LINEAR LINEAR LINEAR LINEAR LINEAR LINEAR LINEAR
LINEAR LINEAR LINEAR LINEAR LINEAR LINEAR LINEAR LINEAR LINEAR LINEAR LINEAR LINEAR
LINEAR LINEAR LINEAR LINEAR LINEAR</Name_array>
        <technique_common>
          <accessor source="#mixamorig_Hips-Interpolations-array" count="100">
            <param type="name"/>
          </accessor>
        </technique_common>
      </source>
      <sampler id="mixamorig_Hips-Matrix-animation-transform">
        <input semantic="INPUT" source="#mixamorig_Hips-Matrix-animation-input"/>
        <input semantic="OUTPUT" source="#mixamorig_Hips-Matrix-animation-output-transform"/>
        <input semantic="INTERPOLATION" source="#mixamorig_Hips-Interpolations"/>
      </sampler>
      <channel source="#mixamorig_Hips-Matrix-animation-transform" target="mixamorig_Hips/matrix"/>
    </animation>
    <animation id="mixamorig_Spine-anim" name="mixamorig_Spine">
      <source id="mixamorig_Spine-Matrix-animation-input">
        <float_array id="mixamorig_Spine-Matrix-animation-input-array" count="100">

0.000000 0.033333 0.066667 0.100000 0.133333 0.166667 0.200000 0.233333 0.266667 0.300000 0.333333 0.366667 0.400000 0.433333 0.466667 0.500000
0.533333 0.566667 0.600000 0.633333 0.666667 0.700000 0.733333 0.766667 0.800000 0.833333 0.866667 0.900000 0.933333 0.966667 1.000000 1.033333
1.066667 1.100000 1.133333 1.166667 1.200000 1.233333 1.266667 1.300000 1.333333 1.366667 1.400000 1.433333 1.466667 1.500000 1.533333 1.566667
1.600000 1.633333 1.666667 1.700000 1.733333 1.766667 1.800000 1.833333 1.866667 1.900000 1.933333 1.966667 2.000000 2.033333 2.066667 2.100000
2.133333 2.166667 2.200000 2.233333 2.266667 2.300000 2.333333 2.366667 2.400000 2.433333 2.466667 2.500000 2.533333 2.566667 2.600000 2.633333
2.666667 2.700000 2.733333 2.766667 2.800000 2.833333 2.866667 2.900000 2.933333 2.966667 3.000000 3.033333 3.066667 3.100000 3.133333 3.166667
3.200000 3.233333 3.266667 3.300000</float_array>
        <technique_common>
          <accessor source="#mixamorig_Spine-Matrix-animation-input-array" count="100">
            <param name="TIME" type="float"/>
          </accessor>
        </technique_common>
      </source>
      <source id="mixamorig_Spine-Matrix-animation-output-transform">
        <float_array id="mixamorig_Spine-Matrix-animation-output-transform-array" count="1600">

0.999444 -0.031912 -0.009648 -0.000000 0.031437 0.998450 -0.045917 11.384800 0.011098 0.045588 0.998899 -0.357600 0.000000 0.000000 0.000000 1.000000
0.999574 -0.027752 -0.009030 0.000000 0.027221 0.998150 -0.054364 11.384800 0.010522 0.054095 0.998480 -0.357600 0.000000 0.000000 0.000000 1.000000
0.999697 -0.023307 -0.007970 0.000000 0.022753 0.997711 -0.063672 11.384800 0.009436 0.063472 0.997939 -0.357600 0.000000 0.000000 0.000000 1.000000
0.999827 -0.017849 -0.005153 0.000000 0.017409 0.996984 -0.075635 11.384800 0.006487 0.075532 0.997122 -0.357600 0.000000 0.000000 0.000000 1.000000
0.999920 -0.012338 -0.002613 0.000000 0.012059 0.996016 -0.088354 11.384800 0.003693 0.088315 0.996086 -0.357600 0.000000 0.000000 0.000000 1.000000
0.999955 -0.008632 -0.003967 0.000000 0.008192 0.994961 -0.099929 11.384800 0.004809 0.099892 0.994987 -0.357600 0.000000 0.000000 0.000000 1.000000
0.999985 -0.004870 0.002406 0.000000 0.005119 0.993070 -0.117415 11.384800 -0.001817 0.117425 0.993080 -0.357600 0.000000 0.000000 0.000000 1.000000
0.999966 -0.004420 0.006975 0.000000 0.005161 0.993925 -0.109940 11.384800 -0.006447 0.109972 0.993914 -0.357600 0.000000 0.000000 0.000000 1.000000
0.999567 -0.010653 0.027436 0.000000 0.013223 0.995362 -0.095291 11.384800 -0.026294 0.095612 0.995071 -0.357600 0.000000 0.000000 0.000000 1.000000
0.999126 -0.015024 0.039019 -0.000000 0.017877 0.997111 -0.073824 11.384800 -0.037797 0.074457 0.996508 -0.357600 0.000000 0.000000 0.000000 1.000000
0.998852 -0.023498 0.041735 0.000000 0.025128 0.998925 -0.038956 11.384800 -0.040775 0.039960 0.998369 -0.357600 0.000000 0.000000 0.000000 1.000000
0.998115 -0.029122 0.054014 0.000000 0.029689 0.999512 -0.009736 11.384800 -0.053704 0.011321 0.998493 -0.357600 0.000000 0.000000 0.000000 1.000000
0.996635 -0.032595 0.075203 0.000000 0.031309 0.999344 0.018217 11.384800 -0.075747 -0.015801 0.997002 -0.357600 0.000000 0.000000 0.000000 1.000000
0.995495 -0.035557 0.087889 0.000000 0.032208 0.998711 0.039238 11.384800 -0.089171 -0.036230 0.995357 -0.357600 0.000000 0.000000 0.000000 1.000000
0.994688 -0.038675 0.095396 0.000000 0.033802 0.998066 0.052178 11.384800 -0.097230 -0.048676 0.994071 -0.357600 0.000000 0.000000 0.000000 1.000000
0.993378 -0.029130 0.111142 -0.000000 0.022581 0.997959 0.059733 11.384800 -0.112655 -0.056828 0.992008 -0.357600 0.000000 0.000000 0.000000 1.000000
0.990435 -0.007571 0.137775 0.000000 -0.002214 0.997493 0.070734 11.384800 -0.137965 -0.070363 0.987935 -0.357600 0.000000 0.000000 0.000000 1.000000
0.985611 0.016925 0.168180 -0.000000 -0.031796 0.995777 0.086127 11.384800 -0.166012 -0.090235 0.981987 -0.357600 0.000000 0.000000 0.000000 1.000000
0.979295 0.039936 0.198460 0.000000 -0.059364 0.993902 0.092928 11.384800 -0.193538 -0.102786 0.975694 -0.357600 0.000000 0.000000 0.000000 1.000000
0.973221 0.052604 0.223771 0.000000 -0.076535 0.992075 0.099649 11.384800 -0.216756 -0.114107 0.969534 -0.357600 0.000000 0.000000 0.000000 1.000000
0.970163 0.060890 0.234682 0.000000 -0.088105 0.990318 0.107273 11.384800 -0.225878 -0.124749 0.966135 -0.357600 0.000000 0.000000 0.000000 1.000000
0.969143 0.064476 0.237918 0.000000 -0.093886 0.988986 0.114422 11.384800 -0.227920 -0.133228 0.964522 -0.357600 0.000000 0.000000 0.000000 1.000000
0.969443 0.061278 0.237540 -0.000000 -0.090132 0.989547 0.112573 11.384800 -0.228159 -0.130543 0.964833 -0.357600 0.000000 0.000000 0.000000 1.000000
0.969093 0.057942 0.239793 0.000000 -0.085143 0.990856 0.104670 11.384800 -0.231535 -0.121852 0.965165 -0.357600 0.000000 0.000000 0.000000 1.000000
0.966888 0.057588 0.248618 0.000000 -0.082333 0.992506 0.090300 11.384800 -0.241554 -0.107779 0.964383 -0.357600 0.000000 0.000000 0.000000 1.000000
0.963923 0.058432 0.259690 0.000000 -0.080103 0.994061 0.073657 11.384800 -0.253844 -0.091802 0.962879 -0.357600 0.000000 0.000000 0.000000 1.000000
0.960795 0.059591 0.270779 0.000000 -0.077401 0.995450 0.055568 11.384800 -0.266236 -0.074348 0.961036 -0.357600 0.000000 0.000000 0.000000 1.000000
0.958197 0.060013 0.279745 0.000000 -0.073190 0.996636 0.036887 11.384800 -0.276590 -0.055819 0.959365 -0.357600 0.000000 0.000000 0.000000 1.000000
0.959672 0.053278 0.276029 0.000000 -0.058532 0.998227 0.010825 11.384800 -0.274963 -0.026545 0.961088 -0.357600 0.000000 0.000000 0.000000 1.000000
0.960090 0.039079 0.276949 0.000000 -0.036119 0.999223 -0.015783 11.384800 -0.277350 0.005150 0.960755 -0.357600 0.000000 0.000000 0.000000 1.000000
0.959577 0.027440 0.280105 0.000000 -0.015470 0.998874 -0.044855 11.384800 -0.281020 0.038708 0.958921 -0.357600 0.000000 0.000000 0.000000 1.000000
0.960072 0.017862 0.279182 0.000000 0.016209 0.992731 -0.119254 11.384800 -0.279283 0.119017 0.952804 -0.357600 0.000000 0.000000 0.000000 1.000000
0.957913 0.007071 0.286971 0.000000 0.045924 0.983046 -0.177517 11.384800 -0.283361 0.183225 0.941348 -0.357600 0.000000 0.000000 0.000000 1.000000
0.968967 0.006031 0.247116 0.000000 0.040922 0.981994 -0.184428 11.384800 -0.243778 0.188817 0.951273 -0.357600 0.000000 0.000000 0.000000 1.000000
0.977139 -0.059235 0.204182 -0.000000 0.090668 0.984792 -0.148205 11.384800 -0.192298 0.163330 0.967649 -0.357600 0.000000 0.000000 0.000000 1.000000
0.985288 -0.104795 0.135001 0.000000 0.116496 0.989809 -0.081895 11.384800 -0.125043 0.096417 0.987455 -0.357600 0.000000 0.000000 0.000000 1.000000
0.991768 -0.111094 0.063671 0.000000 0.116642 0.988968 -0.091309 11.384800 -0.052825 0.097984 0.993785 -0.357600 0.000000 0.000000 0.000000 1.000000
0.994759 -0.102220 -0.002209 0.000000 0.101217 0.987591 -0.120080 11.384800 0.014456 0.119227 0.992762 -0.357600 0.000000 0.000000 0.000000 1.000000
0.993019 -0.101291 -0.060445 0.000000 0.093502 0.988344 -0.120141 11.384800 0.071909 0.113650 0.990915 -0.357600 0.000000 0.000000 0.000000 1.000000
0.987446 -0.104756 -0.118224 0.000000 0.093320 0.990757 -0.098449 11.384800 0.127445 0.086181 0.988095 -0.357600 0.000000 0.000000 0.000000 1.000000
0.981070 -0.110068 -0.159333 0.000000 0.096915 0.991385 -0.088112 11.384800 0.167659 0.071002 0.983285 -0.357600 0.000000 0.000000 0.000000 1.000000
0.975779 -0.116603 -0.185093 0.000000 0.101328 0.990776 -0.089975 11.384800 0.193877 0.069040 0.978593 -0.357600 0.000000 0.000000 0.000000 1.000000
0.972776 -0.121307 -0.197462 -0.000000 0.107532 0.991051 -0.079088 11.384800 0.205289 0.055702 0.977115 -0.357600 0.000000 0.000000 0.000000 1.000000
0.972436 -0.125875 -0.196274 -0.000000 0.118612 0.991761 -0.048377 11.384800 0.200746 0.023763 0.979355 -0.357600 0.000000 0.000000 0.000000 1.000000
0.972716 -0.130178 -0.192034 0.000000 0.131116 0.991336 -0.007874 11.384800 0.191396 -0.017519 0.981357 -0.357600 0.000000 0.000000 0.000000 1.000000
0.971777 -0.134809 -0.193586 0.000000 0.144449 0.988838 0.036510 11.384800 0.186503 -0.063442 0.980404 -0.357600 0.000000 0.000000 0.000000 1.000000
0.971673 -0.135796 -0.193421 0.000000 0.152196 0.985684 0.072550 11.384800 0.180800 -0.099933 0.978430 -0.357600 0.000000 0.000000 0.000000 1.000000
0.974142 -0.129743 -0.184971 -0.000000 0.150238 0.983435 0.101415 11.384800 0.168749 -0.126582 0.977497 -0.357600 0.000000 0.000000 0.000000 1.000000
0.978320 -0.120872 -0.168169 -0.000000 0.142871 0.981750 0.125515 11.384800 0.149929 -0.146820 0.977735 -0.357600 0.000000 0.000000 0.000000 1.000000
0.981185 -0.109947 -0.158708 0.000000 0.133353 0.980363 0.145274 11.384800 0.139619 -0.163705 0.976579 -0.357600 0.000000 0.000000 0.000000 1.000000
0.983456 -0.100691 -0.150584 -0.000000 0.125230 0.978557 0.163533 11.384800 0.130889 -0.179685 0.974978 -0.357600 0.000000 0.000000 0.000000 1.000000
0.985814 -0.089714 -0.141849 0.000000 0.114921 0.976763 0.180905 11.384800 0.122324 -0.194640 0.973218 -0.357600 0.000000 0.000000 0.000000 1.000000
0.987960 -0.080057 -0.132389 0.000000 0.106100 0.973379 0.203163 11.384800 0.112600 -0.214764 0.970153 -0.357600 0.000000 0.000000 0.000000 1.000000
0.989840 -0.067956 -0.124892 0.000000 0.094794 0.970095 0.223449 11.384800 0.105973 -0.233018 0.966681 -0.357600 0.000000 0.000000 0.000000 1.000000
0.991280 -0.058499 -0.118073 0.000000 0.085534 0.967279 0.238862 11.384800 0.100236 -0.246878 0.963848 -0.357600 0.000000 0.000000 0.000000 1.000000
0.993523 -0.051438 -0.101325 0.000000 0.075443 0.965390 0.249662 11.384800 0.084976 -0.255689 0.963017 -0.357600 0.000000 0.000000 0.000000 1.000000
0.994070 -0.057490 -0.092303 0.000000 0.080117 0.961135 0.264199 11.384800 0.073527 -0.270027 0.960041 -0.357600 0.000000 0.000000 0.000000 1.000000
0.995423 -0.052664 -0.079740 0.000000 0.072254 0.960887 0.267349 11.384800 0.062542 -0.271887 0.960295 -0.357600 0.000000 0.000000 0.000000 1.000000
0.998265 -0.025109 -0.053261 0.000000 0.038805 0.960848 0.274345 11.384800 0.044287 -0.275936 0.960155 -0.357600 0.000000 0.000000 0.000000 1.000000
0.999599 0.003310 -0.028138 0.000000 0.004630 0.960716 0.277495 11.384800 0.027951 -0.277513 0.960315 -0.357600 0.000000 0.000000 0.000000 1.000000
0.999487 0.031943 -0.002299 0.000000 -0.030184 0.963554 0.265807 11.384800 0.010706 -0.265601 0.964024 -0.357600 0.000000 0.000000 0.000000 1.000000
0.997282 0.069683 0.023956 0.000000 -0.073431 0.966834 0.244620 11.384800 -0.006116 -0.245714 0.969323 -0.357600 0.000000 0.000000 0.000000 1.000000
0.993742 0.103937 0.040914 0.000000 -0.110387 0.969807 0.217462 11.384800 -0.017077 -0.220617 0.975211 -0.357600 0.000000 0.000000 0.000000 1.000000
0.987534 0.142032 0.067852 0.000000 -0.151673 0.973902 0.168850 11.384800 -0.042099 -0.177036 0.983304 -0.357600 0.000000 0.000000 0.000000 1.000000
0.979749 0.163882 0.115041 0.000000 -0.174492 0.980618 0.089116 11.384800 -0.098207 -0.107385 0.989355 -0.357600 0.000000 0.000000 0.000000 1.000000
0.965395 0.153240 0.211020 0.000000 -0.160464 0.986888 0.017440 11.384800 -0.205580 -0.050697 0.977326 -0.357600 0.000000 0.000000 0.000000 1.000000
0.968662 0.066395 0.239345 0.000000 -0.057924 0.997426 -0.042264 11.384800 -0.241535 0.027075 0.970014 -0.357600 0.000000 0.000000 0.000000 1.000000
0.979181 0.097040 0.178293 0.000000 -0.099767 0.994990 0.006376 11.384800 -0.176781 -0.024031 0.983957 -0.357600 0.000000 0.000000 0.000000 1.000000
0.969767 0.198216 0.142343 0.000000 -0.195783 0.980156 -0.031041 11.384800 -0.145671 0.002234 0.989331 -0.357600 0.000000 0.000000 0.000000 1.000000
0.955225 0.266204 0.129157 -0.000000 -0.255717 0.962342 -0.092229 11.384800 -0.148845 0.055072 0.987326 -0.357600 0.000000 0.000000 0.000000 1.000000
0.936989 0.315708 0.149600 -0.000000 -0.292091 0.942859 -0.160313 11.384800 -0.191664 0.106515 0.975664 -0.357600 0.000000 0.000000 0.000000 1.000000
0.923283 0.373202 0.090929 0.000000 -0.355666 0.920004 -0.164602 11.384800 -0.145085 0.119634 0.982160 -0.357600 0.000000 0.000000 0.000000 1.000000
0.909730 0.413645 0.035913 0.000000 -0.406605 0.905066 -0.124612 11.384800 -0.084049 0.098761 0.991555 -0.357600 0.000000 0.000000 0.000000 1.000000
0.903211 0.429010 0.012674 -0.000000 -0.425510 0.898923 -0.104300 11.384800 -0.056138 0.088812 0.994465 -0.357600 0.000000 0.000000 0.000000 1.000000
0.903434 0.428411 -0.016483 0.000000 -0.428461 0.900845 -0.069993 11.384800 -0.015137 0.070296 0.997411 -0.357600 0.000000 0.000000 0.000000 1.000000
0.907015 0.416501 -0.062054 -0.000000 -0.419529 0.906479 -0.047862 11.384800 0.036316 0.069445 0.996925 -0.357600 0.000000 0.000000 0.000000 1.000000
0.913882 0.394361 -0.096429 -0.000000 -0.399183 0.916147 -0.036433 11.384800 0.073975 0.071788 0.994673 -0.357600 0.000000 0.000000 0.000000 1.000000
0.928424 0.357338 -0.101678 0.000000 -0.362059 0.931609 -0.031915 11.384800 0.083320 0.066444 0.994305 -0.357600 0.000000 0.000000 0.000000 1.000000
0.933215 0.339812 -0.116780 0.000000 -0.346940 0.936721 -0.046763 11.384800 0.093500 0.084156 0.992056 -0.357600 0.000000 0.000000 0.000000 1.000000
0.931050 0.335098 -0.144415 0.000000 -0.341849 0.939447 -0.024041 11.384800 0.127614 0.071751 0.989225 -0.357600 0.000000 0.000000 0.000000 1.000000
0.934066 0.316189 -0.165966 0.000000 -0.317228 0.948118 0.020920 11.384800 0.163970 0.033108 0.985910 -0.357600 0.000000 0.000000 0.000000 1.000000
0.935980 0.295702 -0.191055 0.000000 -0.287732 0.955233 0.068848 11.384800 0.202860 -0.009468 0.979162 -0.357600 0.000000 0.000000 0.000000 1.000000
0.940193 0.274951 -0.201094 0.000000 -0.259483 0.960542 0.100138 11.384800 0.220693 -0.041969 0.974440 -0.357600 0.000000 0.000000 0.000000 1.000000
0.946476 0.258468 -0.193331 0.000000 -0.244445 0.965135 0.093597 11.384800 0.210782 -0.041328 0.976659 -0.357600 0.000000 0.000000 0.000000 1.000000
0.953371 0.243840 -0.177837 0.000000 -0.236933 0.969707 0.059427 11.384800 0.186941 -0.014520 0.982264 -0.357600 0.000000 0.000000 0.000000 1.000000
0.957899 0.233761 -0.166692 0.000000 -0.232032 0.972244 0.030049 11.384800 0.169089 0.009894 0.985551 -0.357600 0.000000 0.000000 0.000000 1.000000
0.960060 0.229316 -0.160311 -0.000000 -0.230201 0.973052 0.013285 11.384800 0.159037 0.024150 0.986977 -0.357600 0.000000 0.000000 0.000000 1.000000
0.962860 0.224249 -0.150376 0.000000 -0.225511 0.974201 0.008833 11.384800 0.148477 0.025406 0.988589 -0.357600 0.000000 0.000000 0.000000 1.000000
0.964968 0.223352 -0.137658 0.000000 -0.223916 0.974540 0.011577 11.384800 0.136739 0.019652 0.990412 -0.357600 0.000000 0.000000 0.000000 1.000000
0.965469 0.223247 -0.134274 -0.000000 -0.223872 0.974561 0.010622 11.384800 0.133230 0.019805 0.990887 -0.357600 0.000000 0.000000 0.000000 1.000000
0.965865 0.223081 -0.131682 0.000000 -0.223842 0.974582 0.009186 11.384800 0.130385 0.020603 0.991249 -0.357600 0.000000 0.000000 0.000000 1.000000
0.966174 0.222973 -0.129582 0.000000 -0.223900 0.974583 0.007562 11.384800 0.127974 0.021707 0.991540 -0.357600 0.000000 0.000000 0.000000 1.000000
0.966413 0.223039 -0.127670 -0.000000 -0.224117 0.974543 0.006041 11.384800 0.125768 0.022775 0.991798 -0.357600 0.000000 0.000000 0.000000 1.000000
0.966597 0.223391 -0.125648 0.000000 -0.224566 0.974446 0.004916 11.384800 0.123536 0.023464 0.992063 -0.357600 0.000000 0.000000 0.000000 1.000000
0.966736 0.224141 -0.123213 0.000000 -0.225318 0.974275 0.004478 11.384800 0.121047 0.023433 0.992370 -0.357600 0.000000 0.000000 0.000000 1.000000
0.966787 0.225488 -0.120324 0.000000 -0.226547 0.973988 0.004988 11.384800 0.118319 0.022436 0.992722 -0.357600 0.000000 0.000000 0.000000 1.000000
0.966724 0.227392 -0.117206 -0.000000 -0.228243 0.973584 0.006287 11.384800 0.115540 0.020674 0.993088 -0.357600 0.000000 0.000000 0.000000 1.000000
0.966591 0.229604 -0.113951 0.000000 -0.230206 0.973109 0.008027 11.384800 0.112730 0.018474 0.993454 -0.357600 0.000000 0.000000 0.000000 1.000000
0.966430 0.231881 -0.110655 0.000000 -0.232234 0.972610 0.009867 11.384800 0.109912 0.016162 0.993810 -0.357600 0.000000 0.000000 0.000000 1.000000
0.966288 0.233985 -0.107417 0.000000 -0.234127 0.972138 0.011468 11.384800 0.107108 0.014068 0.994148 -0.357600 0.000000 0.000000 0.000000 1.000000</float_array>
        <technique_common>
          <accessor source="#mixamorig_Spine-Matrix-animation-output-transform-array" count="100" stride="16">
            <param type="float4x4"/>
          </accessor>
        </technique_common>
      </source>
      <source id="mixamorig_Spine-Interpolations">
        <Name_array id="mixamorig_Spine-Interpolations-array" count="100">
 LINEAR LINEAR LINEAR LINEAR LINEAR LINEAR LINEAR LINEAR LINEAR LINEAR LINEAR
LINEAR LINEAR LINEAR LINEAR LINEAR LINEAR LINEAR LINEAR LINEAR LINEAR LINEAR LINEAR
LINEAR LINEAR LINEAR LINEAR LINEAR LINEAR LINEAR LINEAR LINEAR LINEAR LINEAR LINEAR
LINEAR LINEAR LINEAR LINEAR LINEAR LINEAR LINEAR LINEAR LINEAR LINEAR LINEAR LINEAR
LINEAR LINEAR LINEAR LINEAR LINEAR LINEAR LINEAR LINEAR LINEAR LINEAR LINEAR LINEAR
LINEAR LINEAR LINEAR LINEAR LINEAR LINEAR LINEAR LINEAR LINEAR LINEAR LINEAR LINEAR
LINEAR LINEAR LINEAR LINEAR LINEAR LINEAR LINEAR LINEAR LINEAR LINEAR LINEAR LINEAR
LINEAR LINEAR LINEAR LINEAR LINEAR LINEAR LINEAR LINEAR LINEAR LINEAR LINEAR LINEAR
LINEAR LINEAR LINEAR LINEAR LINEAR</Name_array>
        <technique_common>
          <accessor source="#mixamorig_Spine-Interpolations-array" count="100">
            <param type="name"/>
          </accessor>
        </technique_common>
      </source>
      <sampler id="mixamorig_Spine-Matrix-animation-transform">
        <input semantic="INPUT" source="#mixamorig_Spine-Matrix-animation-input"/>
        <input semantic="OUTPUT" source="#mixamorig_Spine-Matrix-animation-output-transform"/>
        <input semantic="INTERPOLATION" source="#mixamorig_Spine-Interpolations"/>
      </sampler>
      <channel source="#mixamorig_Spine-Matrix-animation-transform" target="mixamorig_Spine/matrix"/>
    </animation>
    <animation id="mixamorig_Spine1-anim" name="mixamorig_Spine1">
      <source id="mixamorig_Spine1-Matrix-animation-input">
        <float_array id="mixamorig_Spine1-Matrix-animation-input-array" count="100">

0.000000 0.033333 0.066667 0.100000 0.133333 0.166667 0.200000 0.233333 0.266667 0.300000 0.333333 0.366667 0.400000 0.433333 0.466667 0.500000
0.533333 0.566667 0.600000 0.633333 0.666667 0.700000 0.733333 0.766667 0.800000 0.833333 0.866667 0.900000 0.933333 0.966667 1.000000 1.033333
1.066667 1.100000 1.133333 1.166667 1.200000 1.233333 1.266667 1.300000 1.333333 1.366667 1.400000 1.433333 1.466667 1.500000 1.533333 1.566667
1.600000 1.633333 1.666667 1.700000 1.733333 1.766667 1.800000 1.833333 1.866667 1.900000 1.933333 1.966667 2.000000 2.033333 2.066667 2.100000
2.133333 2.166667 2.200000 2.233333 2.266667 2.300000 2.333333 2.366667 2.400000 2.433333 2.466667 2.500000 2.533333 2.566667 2.600000 2.633333
2.666667 2.700000 2.733333 2.766667 2.800000 2.833333 2.866667 2.900000 2.933333 2.966667 3.000000 3.033333 3.066667 3.100000 3.133333 3.166667
3.200000 3.233333 3.266667 3.300000</float_array>
        <technique_common>
          <accessor source="#mixamorig_Spine1-Matrix-animation-input-array" count="100">
            <param name="TIME" type="float"/>
          </accessor>
        </technique_common>
      </source>
      <source id="mixamorig_Spine1-Matrix-animation-output-transform">
        <float_array id="mixamorig_Spine1-Matrix-animation-output-transform-array" count="1600">

0.999491 -0.023244 -0.021832 -0.000000 0.022310 0.998865 -0.042083 11.001200 0.022785 0.041574 0.998876 0.000000 0.000000 0.000000 0.000000 1.000000
0.999588 -0.020540 -0.020046 -0.000000 0.019855 0.999232 -0.033789 11.001200 0.020725 0.033377 0.999228 0.000000 0.000000 0.000000 0.000000 1.000000
0.999679 -0.017928 -0.017920 0.000000 0.017470 0.999526 -0.025367 11.001200 0.018366 0.025046 0.999518 -0.000000 0.000000 0.000000 0.000000 1.000000
0.999769 -0.015723 -0.014648 0.000000 0.015480 0.999743 -0.016566 11.001200 0.014904 0.016336 0.999755 -0.000000 0.000000 0.000000 0.000000 1.000000
0.999846 -0.013278 -0.011462 0.000000 0.013192 0.999884 -0.007606 11.001200 0.011562 0.007454 0.999905 0.000000 0.000000 0.000000 0.000000 1.000000
0.999904 -0.008830 -0.010676 0.000000 0.008846 0.999960 0.001470 11.001200 0.010663 -0.001564 0.999942 0.000000 0.000000 0.000000 0.000000 1.000000
0.999958 -0.007019 -0.005849 0.000000 0.007069 0.999938 0.008551 11.001200 0.005788 -0.008592 0.999946 -0.000000 0.000000 0.000000 0.000000 1.000000
0.999970 -0.007523 -0.001823 0.000000 0.007562 0.999716 0.022597 11.001200 0.001652 -0.022610 0.999743 0.000000 0.000000 0.000000 0.000000 1.000000
0.999930 -0.008450 0.008242 0.000000 0.008115 0.999172 0.039859 11.001200 -0.008572 -0.039789 0.999171 0.000000 0.000000 0.000000 0.000000 1.000000
