<?xml version="1.0" encoding="utf-8"?>
<COLLADA xmlns="http://www.collada.org/2005/11/COLLADASchema" version="1.4.1">
  <asset>
    <contributor>
      <author>Mixamo</author>
      <authoring_tool>COLLADA Mixamo exporter</authoring_tool>
      <comments/>
    </contributor>
    <created>2024-04-05T05:28:22Z</created>
    <modified>2024-04-05T05:28:22Z</modified>
    <revision/>
    <title/>
    <unit meter="0.010000"/>
    <up_axis>Y_UP</up_axis>
  </asset>
  <library_animations>
    <animation id="mixamorig_Hips-anim" name="mixamorig_Hips">
      <source id="mixamorig_Hips-Matrix-animation-input">
        <float_array id="mixamorig_Hips-Matrix-animation-input-array" count="122">

0.000000 0.033333 0.066667 0.100000 0.133333 0.166667 0.200000 0.233333 0.266667 0.300000 0.333333 0.366667 0.400000 0.433333 0.466667 0.500000
0.533333 0.566667 0.600000 0.633333 0.666667 0.700000 0.733333 0.766667 0.800000 0.833333 0.866667 0.900000 0.933333 0.966667 1.000000 1.033333
1.066667 1.100000 1.133333 1.166667 1.200000 1.233333 1.266667 1.300000 1.333333 1.366667 1.400000 1.433333 1.466667 1.500000 1.533333 1.566667
1.600000 1.633333 1.666667 1.700000 1.733333 1.766667 1.800000 1.833333 1.866667 1.900000 1.933333 1.966667 2.000000 2.033333 2.066667 2.100000
2.133333 2.166667 2.200000 2.233333 2.266667 2.300000 2.333333 2.366667 2.400000 2.433333 2.466667 2.500000 2.533333 2.566667 2.600000 2.633333
2.666667 2.700000 2.733333 2.766667 2.800000 2.833333 2.866667 2.900000 2.933333 2.966667 3.000000 3.033333 3.066667 3.100000 3.133333 3.166667
3.200000 3.233333 3.266667 3.300000 3.333333 3.366667 3.400000 3.433333 3.466667 3.500000 3.533333 3.566667 3.600000 3.633333 3.666667 3.700000
3.733333 3.766667 3.800000 3.833333 3.866667 3.900000 3.933333 3.966667 4.000000 4.033333</float_array>
        <technique_common>
          <accessor source="#mixamorig_Hips-Matrix-animation-input-array" count="122">
            <param name="TIME" type="float"/>
          </accessor>
        </technique_common>
      </source>
      <source id="mixamorig_Hips-Matrix-animation-output-transform">
        <float_array id="mixamorig_Hips-Matrix-animation-output-transform-array" count="1952">

0.918691 0.024716 0.394202 -0.878012 0.005726 0.997102 -0.075861 96.645020 -0.394935 0.071950 0.915887 -3.476265 0.000000 0.000000 0.000000 1.000000
0.924674 0.029871 0.379585 -0.440989 -0.001262 0.997153 -0.075395 96.489273 -0.380757 0.069237 0.922080 -3.036932 0.000000 0.000000 0.000000 1.000000
0.934059 0.034468 0.355450 0.151644 -0.008781 0.997247 -0.073630 96.333817 -0.357010 0.065653 0.931791 -2.476179 0.000000 0.000000 0.000000 1.000000
0.946881 0.039211 0.319186 0.937210 -0.017300 0.997312 -0.071195 96.115585 -0.321119 0.061891 0.945014 -1.810852 0.000000 0.000000 0.000000 1.000000
0.962410 0.040883 0.268505 1.927556 -0.023744 0.997486 -0.066772 95.859131 -0.270560 0.057887 0.960961 -1.059388 0.000000 0.000000 0.000000 1.000000
0.979029 0.036510 0.200421 3.173503 -0.025563 0.998050 -0.056939 95.552963 -0.202109 0.050621 0.978054 -0.228195 0.000000 0.000000 0.000000 1.000000
0.993366 0.026213 0.111970 4.699707 -0.021888 0.998972 -0.039685 95.187042 -0.112895 0.036971 0.992919 0.655222 0.000000 0.000000 0.000000 1.000000
0.999873 0.015775 0.002370 6.503069 -0.015731 0.999720 -0.017697 94.638275 -0.002648 0.017657 0.999841 1.591236 0.000000 0.000000 0.000000 1.000000
0.992364 0.010160 -0.122922 8.519156 -0.009973 0.999948 0.002142 93.774612 0.122937 -0.000899 0.992414 2.598547 0.000000 0.000000 0.000000 1.000000
0.967882 0.009217 -0.251235 10.645930 -0.006235 0.999900 0.012663 92.550194 0.251326 -0.010690 0.967843 3.699137 0.000000 0.000000 0.000000 1.000000
0.930593 0.010884 -0.365893 12.805537 -0.007253 0.999910 0.011297 91.056496 0.365983 -0.007859 0.930588 4.839500 0.000000 0.000000 0.000000 1.000000
0.892515 0.013972 -0.450801 14.922220 -0.014062 0.999896 0.003150 89.514687 0.450798 0.003528 0.892619 5.938771 0.000000 0.000000 0.000000 1.000000
0.865752 0.025815 -0.499807 16.974283 -0.031202 0.999510 -0.002423 88.021362 0.499499 0.017693 0.866134 6.897867 0.000000 0.000000 0.000000 1.000000
0.854963 0.041438 -0.517031 18.772554 -0.051442 0.998663 -0.005025 86.862808 0.516132 0.030894 0.855952 7.599828 0.000000 0.000000 0.000000 1.000000
0.855296 0.050388 -0.515684 20.163116 -0.067379 0.997625 -0.014272 86.299477 0.513740 0.046953 0.856660 7.983329 0.000000 0.000000 0.000000 1.000000
0.860069 0.047587 -0.507953 21.123646 -0.077273 0.996304 -0.037502 86.385986 0.504291 0.071506 0.860568 8.043591 0.000000 0.000000 0.000000 1.000000
0.866819 0.038528 -0.497132 21.757124 -0.084291 0.993984 -0.069940 86.928612 0.491446 0.102529 0.864852 7.842298 0.000000 0.000000 0.000000 1.000000
0.875693 0.031679 -0.481828 22.197243 -0.090578 0.990909 -0.099471 87.646118 0.474296 0.130749 0.870602 7.480049 0.000000 0.000000 0.000000 1.000000
0.885428 0.029734 -0.463824 22.532736 -0.095325 0.988354 -0.118614 88.328415 0.454896 0.149238 0.877951 7.046834 0.000000 0.000000 0.000000 1.000000
0.893650 0.030328 -0.447739 22.800589 -0.097972 0.986832 -0.128699 88.874367 0.437940 0.158878 0.884854 6.598178 0.000000 0.000000 0.000000 1.000000
0.898637 0.031362 -0.437570 22.993313 -0.099507 0.986015 -0.133687 89.166824 0.427258 0.163677 0.889191 6.206803 0.000000 0.000000 0.000000 1.000000
0.902937 0.032476 -0.428545 23.172024 -0.100792 0.985333 -0.137697 89.409355 0.417787 0.167526 0.892966 5.827306 0.000000 0.000000 0.000000 1.000000
0.906765 0.033117 -0.420333 23.351894 -0.101429 0.984768 -0.141221 89.613274 0.409254 0.170688 0.896313 5.466048 0.000000 0.000000 0.000000 1.000000
0.908744 0.030900 -0.416207 23.542622 -0.098699 0.984879 -0.142380 89.627968 0.405514 0.170467 0.898053 5.198098 0.000000 0.000000 0.000000 1.000000
0.909258 0.025354 -0.415461 23.810831 -0.092868 0.985339 -0.143116 89.557159 0.405741 0.168712 0.898282 4.956629 0.000000 0.000000 0.000000 1.000000
0.905750 0.019230 -0.423377 24.391581 -0.087207 0.986049 -0.141780 89.322182 0.414744 0.165339 0.894791 4.899678 0.000000 0.000000 0.000000 1.000000
0.901922 0.012968 -0.431704 24.986155 -0.081424 0.986731 -0.140472 89.072823 0.424154 0.161845 0.891010 4.847133 0.000000 0.000000 0.000000 1.000000
0.897785 0.006705 -0.440382 25.593527 -0.075651 0.987371 -0.139193 88.815117 0.433888 0.158281 0.886955 4.801293 0.000000 0.000000 0.000000 1.000000
0.893355 0.000576 -0.449351 26.212683 -0.070020 0.987963 -0.137940 88.555122 0.443862 0.154692 0.882642 4.764460 0.000000 0.000000 0.000000 1.000000
0.888654 -0.005286 -0.458548 26.842596 -0.064658 0.988500 -0.136700 88.298874 0.453997 0.151128 0.878093 4.738932 0.000000 0.000000 0.000000 1.000000
0.883711 -0.010751 -0.467910 27.482246 -0.059691 0.988984 -0.135457 88.052444 0.464212 0.147635 0.873334 4.727010 0.000000 0.000000 0.000000 1.000000
0.878559 -0.015692 -0.477376 28.130617 -0.055238 0.989416 -0.134184 87.821861 0.474428 0.144258 0.868394 4.730992 0.000000 0.000000 0.000000 1.000000
0.870579 -0.013211 -0.491851 29.029940 -0.058487 0.989773 -0.130108 87.792038 0.488540 0.142036 0.860903 5.058243 0.000000 0.000000 0.000000 1.000000
0.862996 -0.008200 -0.505144 29.966064 -0.063822 0.990088 -0.125106 88.020493 0.501163 0.140206 0.853919 5.489849 0.000000 0.000000 0.000000 1.000000
0.860957 0.000545 -0.508678 30.787380 -0.070357 0.990515 -0.118021 88.505760 0.503789 0.137400 0.852829 5.891200 0.000000 0.000000 0.000000 1.000000
0.860029 0.010021 -0.510147 31.533085 -0.077013 0.990903 -0.110367 89.052055 0.504400 0.134207 0.852977 6.235905 0.000000 0.000000 0.000000 1.000000
0.859188 0.019399 -0.511293 32.015568 -0.083039 0.991320 -0.101928 89.646660 0.504877 0.130032 0.853341 6.327631 0.000000 0.000000 0.000000 1.000000
0.858936 0.029515 -0.511232 32.327557 -0.089443 0.991638 -0.093025 90.201340 0.504212 0.125629 0.854393 6.208870 0.000000 0.000000 0.000000 1.000000
0.859333 0.040711 -0.509794 32.540916 -0.096737 0.991771 -0.083864 90.636696 0.502185 0.121383 0.856199 5.961705 0.000000 0.000000 0.000000 1.000000
0.859980 0.053294 -0.507537 32.751408 -0.105345 0.991651 -0.074369 91.001938 0.499336 0.117422 0.858415 5.669396 0.000000 0.000000 0.000000 1.000000
0.862041 0.065568 -0.502580 32.859695 -0.113569 0.991371 -0.065460 91.303223 0.493951 0.113507 0.862049 5.384304 0.000000 0.000000 0.000000 1.000000
0.866073 0.076883 -0.493970 32.819588 -0.120798 0.991007 -0.057551 91.534668 0.485103 0.109514 0.867572 5.126124 0.000000 0.000000 0.000000 1.000000
0.870299 0.088007 -0.484598 32.755501 -0.127953 0.990524 -0.049904 91.752441 0.475613 0.105437 0.873313 4.871892 0.000000 0.000000 0.000000 1.000000
0.874647 0.098914 -0.474561 32.670696 -0.135030 0.989928 -0.042536 91.959778 0.465574 0.101285 0.879194 4.620802 0.000000 0.000000 0.000000 1.000000
0.879051 0.109578 -0.463963 32.568447 -0.142028 0.989227 -0.035461 92.159920 0.455079 0.097068 0.885145 4.372049 0.000000 0.000000 0.000000 1.000000
0.883448 0.119978 -0.452907 32.452015 -0.148942 0.988430 -0.028688 92.356110 0.444224 0.092802 0.891096 4.124828 0.000000 0.000000 0.000000 1.000000
0.887779 0.130096 -0.441501 32.324665 -0.155768 0.987544 -0.022225 92.551567 0.433110 0.088502 0.896986 3.878333 0.000000 0.000000 0.000000 1.000000
0.894928 0.137276 -0.424570 31.937654 -0.160169 0.986916 -0.018513 92.676468 0.416473 0.084571 0.905206 3.659502 0.000000 0.000000 0.000000 1.000000
0.906727 0.139258 -0.398062 31.409836 -0.160348 0.986858 -0.020008 92.666252 0.390044 0.081970 0.917140 3.641279 0.000000 0.000000 0.000000 1.000000
0.917830 0.141015 -0.371084 30.877029 -0.160305 0.986834 -0.021489 92.655472 0.363168 0.079210 0.928351 3.623229 0.000000 0.000000 0.000000 1.000000
0.928243 0.142500 -0.343596 30.340019 -0.160005 0.986849 -0.022986 92.642769 0.335801 0.076313 0.938836 3.607750 0.000000 0.000000 0.000000 1.000000
0.937968 0.143666 -0.315558 29.799604 -0.159412 0.986908 -0.024524 92.626709 0.307903 0.073306 0.948589 3.597243 0.000000 0.000000 0.000000 1.000000
0.946996 0.144467 -0.286928 29.256569 -0.158487 0.987015 -0.026123 92.605919 0.279428 0.070213 0.957596 3.594105 0.000000 0.000000 0.000000 1.000000
0.955314 0.144859 -0.257664 28.711710 -0.157188 0.987177 -0.027799 92.578995 0.250333 0.067058 0.965835 3.600736 0.000000 0.000000 0.000000 1.000000
0.962900 0.144800 -0.227722 28.165813 -0.155474 0.987398 -0.029559 92.544533 0.220572 0.063867 0.973277 3.619534 0.000000 0.000000 0.000000 1.000000
0.969721 0.144248 -0.197060 27.619671 -0.153302 0.987680 -0.031406 92.501144 0.190102 0.060664 0.979888 3.652899 0.000000 0.000000 0.000000 1.000000
0.975740 0.143165 -0.165636 27.074080 -0.150627 0.988029 -0.033335 92.447433 0.158880 0.057476 0.985623 3.703228 0.000000 0.000000 0.000000 1.000000
0.982204 0.138106 -0.127291 26.515112 -0.143938 0.988865 -0.037775 92.272270 0.120657 0.055424 0.991146 3.934238 0.000000 0.000000 0.000000 1.000000
0.987912 0.130418 -0.083795 25.942030 -0.134381 0.989974 -0.043512 92.023674 0.077280 0.054247 0.995533 4.315233 0.000000 0.000000 0.000000 1.000000
0.991544 0.123473 -0.039944 25.354225 -0.125360 0.990910 -0.048809 91.828728 0.033554 0.053403 0.998009 4.781973 0.000000 0.000000 0.000000 1.000000
0.993141 0.116798 0.005477 24.718636 -0.116336 0.991739 -0.054027 91.658752 -0.011742 0.053019 0.998524 5.352733 0.000000 0.000000 0.000000 1.000000
0.992550 0.110134 0.052102 23.945807 -0.107032 0.992504 -0.058985 91.511162 -0.058208 0.052969 0.996898 5.948450 0.000000 0.000000 0.000000 1.000000
0.989597 0.103700 0.099716 22.949581 -0.097670 0.993186 -0.063576 91.421249 -0.105629 0.053175 0.992983 6.426930 0.000000 0.000000 0.000000 1.000000
0.984269 0.097176 0.147551 21.888205 -0.088012 0.993835 -0.067429 91.355103 -0.153194 0.053382 0.986753 6.844401 0.000000 0.000000 0.000000 1.000000
0.976482 0.089863 0.195978 20.724470 -0.077366 0.994505 -0.070532 91.350075 -0.201239 0.053711 0.978068 7.074057 0.000000 0.000000 0.000000 1.000000
0.965659 0.076331 0.248346 19.443760 -0.059981 0.995544 -0.072757 91.247032 -0.252793 0.055362 0.965935 7.216850 0.000000 0.000000 0.000000 1.000000
0.949549 0.048359 0.309867 17.852028 -0.025897 0.996756 -0.076200 90.944275 -0.312546 0.064332 0.947722 7.285346 0.000000 0.000000 0.000000 1.000000
0.927811 0.018768 0.372578 16.228695 0.009749 0.997173 -0.074508 90.634560 -0.372923 0.072762 0.925005 7.342118 0.000000 0.000000 0.000000 1.000000
0.900951 -0.009600 0.433814 14.586235 0.043839 0.996654 -0.068990 90.304222 -0.431700 0.081175 0.898357 7.396930 0.000000 0.000000 0.000000 1.000000
0.870372 -0.033826 0.491231 12.937128 0.073641 0.995359 -0.061939 89.939598 -0.486856 0.090085 0.868824 7.459542 0.000000 0.000000 0.000000 1.000000
0.838220 -0.050960 0.542945 11.293851 0.096998 0.993681 -0.056483 89.527023 -0.536636 0.100010 0.837866 7.539719 0.000000 0.000000 0.000000 1.000000
0.828366 -0.014129 0.560009 9.626541 0.085171 0.991236 -0.100977 88.600372 -0.553674 0.131342 0.822310 7.770120 0.000000 0.000000 0.000000 1.000000
0.825652 0.010566 0.564081 8.234502 0.077504 0.988221 -0.131955 88.270004 -0.558831 0.152668 0.815108 7.860047 0.000000 0.000000 0.000000 1.000000
0.826312 0.023766 0.562711 7.183121 0.076262 0.985187 -0.153595 88.517868 -0.558025 0.169831 0.812259 7.769298 0.000000 0.000000 0.000000 1.000000
0.826809 0.031095 0.561622 6.470975 0.080960 0.981495 -0.173530 89.159691 -0.556626 0.188945 0.808992 7.482290 0.000000 0.000000 0.000000 1.000000
0.828093 0.036528 0.559399 6.044120 0.087242 0.977320 -0.192964 89.879211 -0.553760 0.208595 0.806125 7.015999 0.000000 0.000000 0.000000 1.000000
0.830027 0.040812 0.556227 5.699964 0.092898 0.973270 -0.210039 90.565399 -0.549931 0.226010 0.804049 6.493402 0.000000 0.000000 0.000000 1.000000
0.834640 0.041587 0.549224 5.484001 0.093738 0.971874 -0.216040 91.007202 -0.542761 0.231799 0.807267 5.868564 0.000000 0.000000 0.000000 1.000000
0.839960 0.039655 0.541198 5.350669 0.090083 0.973298 -0.211129 91.207397 -0.535119 0.226092 0.813959 5.148744 0.000000 0.000000 0.000000 1.000000
0.845527 0.037200 0.532635 5.238417 0.085184 0.975394 -0.203346 91.331970 -0.527094 0.217306 0.821554 4.399315 0.000000 0.000000 0.000000 1.000000
0.851897 0.034221 0.522590 5.148932 0.078778 0.978135 -0.192472 91.320099 -0.517750 0.205135 0.830575 3.596817 0.000000 0.000000 0.000000 1.000000
0.858737 0.032512 0.511384 5.034678 0.071958 0.980444 -0.183169 91.223541 -0.507339 0.194093 0.839604 2.799658 0.000000 0.000000 0.000000 1.000000
0.865315 0.035816 0.499947 4.835408 0.063794 0.981462 -0.180727 91.075089 -0.497152 0.188279 0.846989 2.058293 0.000000 0.000000 0.000000 1.000000
0.871575 0.040990 0.488546 4.585734 0.055057 0.982012 -0.180616 90.921844 -0.487162 0.184318 0.853640 1.350225 0.000000 0.000000 0.000000 1.000000
0.877118 0.050088 0.477655 4.169054 0.045220 0.981516 -0.185962 90.796570 -0.478141 0.184710 0.858640 0.752840 0.000000 0.000000 0.000000 1.000000
0.881599 0.058919 0.468308 3.596529 0.035600 0.981052 -0.190446 90.683060 -0.470656 0.184568 0.862797 0.235423 0.000000 0.000000 0.000000 1.000000
0.884541 0.066561 0.461690 2.885162 0.026883 0.980848 -0.192912 90.550537 -0.465688 0.183050 0.865810 -0.230729 0.000000 0.000000 0.000000 1.000000
0.883238 0.077091 0.462545 2.050565 0.019344 0.979564 -0.200200 90.362823 -0.468526 0.185772 0.863697 -0.600090 0.000000 0.000000 0.000000 1.000000
0.880921 0.088091 0.464993 1.191046 0.012198 0.977972 -0.208381 90.164665 -0.473107 0.189239 0.860441 -0.948090 0.000000 0.000000 0.000000 1.000000
0.875996 0.097803 0.472298 0.302439 0.007219 0.976457 -0.215593 89.964951 -0.482264 0.192268 0.854666 -1.244711 0.000000 0.000000 0.000000 1.000000
0.864693 0.104864 0.491233 -0.654113 0.007062 0.975331 -0.220636 89.762703 -0.502252 0.194251 0.842621 -1.418000 0.000000 0.000000 0.000000 1.000000
0.849830 0.109210 0.515619 -1.637536 0.010050 0.974761 -0.223023 89.562828 -0.526961 0.194713 0.827284 -1.535350 0.000000 0.000000 0.000000 1.000000
0.835893 0.106447 0.538472 -2.572404 0.016300 0.975769 -0.218197 89.386574 -0.548650 0.191166 0.813903 -1.691851 0.000000 0.000000 0.000000 1.000000
0.824139 0.103512 0.556848 -3.396855 0.023011 0.976227 -0.215527 89.292236 -0.565920 0.190438 0.802165 -1.861087 0.000000 0.000000 0.000000 1.000000
0.815671 0.103607 0.569162 -4.078627 0.029005 0.975271 -0.219100 89.358124 -0.577788 0.195223 0.792496 -1.998682 0.000000 0.000000 0.000000 1.000000
0.808427 0.104417 0.579261 -4.712518 0.034376 0.974083 -0.223563 89.487816 -0.587592 0.200647 0.783886 -2.113082 0.000000 0.000000 0.000000 1.000000
0.804513 0.105017 0.584578 -5.249691 0.037709 0.973227 -0.226733 89.776329 -0.592737 0.204453 0.779013 -2.143147 0.000000 0.000000 0.000000 1.000000
0.801044 0.104803 0.589360 -5.690153 0.039075 0.973300 -0.226187 90.179398 -0.597329 0.204215 0.775560 -2.108333 0.000000 0.000000 0.000000 1.000000
0.795099 0.103302 0.597617 -6.013745 0.040540 0.974130 -0.222322 90.688370 -0.605123 0.200996 0.770342 -2.058943 0.000000 0.000000 0.000000 1.000000
0.786282 0.096505 0.610285 -6.200010 0.046011 0.975839 -0.213591 91.304230 -0.616153 0.196023 0.762844 -2.093677 0.000000 0.000000 0.000000 1.000000
0.777877 0.087540 0.622290 -6.334950 0.052346 0.977782 -0.202982 91.947678 -0.626233 0.190469 0.756012 -2.167023 0.000000 0.000000 0.000000 1.000000
0.775229 0.073572 0.627381 -6.350588 0.059652 0.980229 -0.188660 92.622215 -0.628857 0.183679 0.755513 -2.349311 0.000000 0.000000 0.000000 1.000000
0.780672 0.059900 0.622063 -6.290504 0.064330 0.982406 -0.175331 93.302628 -0.621621 0.176893 0.763084 -2.552768 0.000000 0.000000 0.000000 1.000000
0.791865 0.049037 0.608725 -6.165465 0.065525 0.984195 -0.164522 93.963364 -0.607171 0.170166 0.776136 -2.761850 0.000000 0.000000 0.000000 1.000000
0.804354 0.040427 0.592773 -5.977697 0.064188 0.985931 -0.154339 94.556992 -0.590672 0.162192 0.790443 -3.006408 0.000000 0.000000 0.000000 1.000000
0.814847 0.033476 0.578708 -5.707327 0.061395 0.987732 -0.143582 94.965393 -0.576415 0.152527 0.802796 -3.285274 0.000000 0.000000 0.000000 1.000000
0.824905 0.026984 0.564627 -5.424824 0.058341 0.989462 -0.132522 95.349289 -0.562253 0.142259 0.814638 -3.572639 0.000000 0.000000 0.000000 1.000000
0.834479 0.021230 0.550630 -5.138985 0.054995 0.991060 -0.121556 95.718575 -0.548288 0.131718 0.825851 -3.852244 0.000000 0.000000 0.000000 1.000000
0.843526 0.016468 0.536835 -4.858607 0.051323 0.992484 -0.111089 96.083153 -0.534630 0.121258 0.836342 -4.107824 0.000000 0.000000 0.000000 1.000000
0.850142 0.016460 0.526297 -4.604125 0.045756 0.993421 -0.104981 96.384613 -0.524562 0.113330 0.843795 -4.197145 0.000000 0.000000 0.000000 1.000000
0.855622 0.016151 0.517349 -4.340449 0.039663 0.994528 -0.096645 96.583885 -0.516080 0.103212 0.850300 -4.221343 0.000000 0.000000 0.000000 1.000000
0.860851 0.015952 0.508606 -4.073409 0.033448 0.995573 -0.087838 96.762085 -0.507756 0.092627 0.856507 -4.233909 0.000000 0.000000 0.000000 1.000000
0.866884 0.015738 0.498262 -3.780122 0.027776 0.996424 -0.079799 96.909683 -0.497736 0.083016 0.863346 -4.255741 0.000000 0.000000 0.000000 1.000000
0.875075 0.014960 0.483757 -3.427543 0.023465 0.997035 -0.073279 96.994827 -0.483419 0.075476 0.872129 -4.305907 0.000000 0.000000 0.000000 1.000000
0.884023 0.014612 0.467216 -3.033934 0.020041 0.997407 -0.069114 97.030212 -0.467014 0.070462 0.881438 -4.364292 0.000000 0.000000 0.000000 1.000000
0.892416 0.016147 0.450924 -2.612694 0.016657 0.997499 -0.068685 97.035629 -0.450906 0.068807 0.889916 -4.419861 0.000000 0.000000 0.000000 1.000000
0.900229 0.017592 0.435060 -2.195726 0.014222 0.997462 -0.069762 97.028206 -0.435183 0.068989 0.897695 -4.455209 0.000000 0.000000 0.000000 1.000000
0.906137 0.015770 0.422691 -1.871266 0.015696 0.997363 -0.070860 97.041985 -0.422693 0.070844 0.903500 -4.392563 0.000000 0.000000 0.000000 1.000000
0.910251 0.012918 0.413854 -1.637645 0.018440 0.997257 -0.071687 97.050194 -0.413645 0.072885 0.907516 -4.243771 0.000000 0.000000 0.000000 1.000000
0.913257 0.016088 0.407067 -1.386608 0.015003 0.997214 -0.073073 96.931053 -0.407108 0.072841 0.910471 -3.999830 0.000000 0.000000 0.000000 1.000000
0.916006 0.020399 0.400646 -1.132306 0.010379 0.997167 -0.074499 96.788033 -0.401030 0.072399 0.913199 -3.738048 0.000000 0.000000 0.000000 1.000000
0.918691 0.024716 0.394202 -0.878004 0.005726 0.997102 -0.075861 96.645020 -0.394935 0.071950 0.915887 -3.476265 0.000000 0.000000 0.000000 1.000000</float_array>
        <technique_common>
          <accessor source="#mixamorig_Hips-Matrix-animation-output-transform-array" count="122" stride="16">
            <param type="float4x4"/>
          </accessor>
        </technique_common>
      </source>
      <source id="mixamorig_Hips-Interpolations">
        <Name_array id="mixamorig_Hips-Interpolations-array" count="122">
 LINEAR LINEAR LINEAR LINEAR LINEAR LINEAR LINEAR LINEAR LINEAR LINEAR LINEAR
LINEAR LINEAR LINEAR LINEAR LINEAR LINEAR LINEAR LINEAR LINEAR LINEAR LINEAR LINEAR
LINEAR LINEAR LINEAR LINEAR LINEAR LINEAR LINEAR LINEAR LINEAR LINEAR LINEAR LINEAR
LINEAR LINEAR LINEAR LINEAR LINEAR LINEAR LINEAR LINEAR LINEAR LINEAR LINEAR LINEAR
LINEAR LINEAR LINEAR LINEAR LINEAR LINEAR LINEAR LINEAR LINEAR LINEAR LINEAR LINEAR
LINEAR LINEAR LINEAR LINEAR LINEAR LINEAR LINEAR LINEAR LINEAR LINEAR LINEAR LINEAR
LINEAR LINEAR LINEAR LINEAR LINEAR LINEAR LINEAR LINEAR LINEAR LINEAR LINEAR LINEAR
LINEAR LINEAR LINEAR LINEAR LINEAR LINEAR LINEAR LINEAR LINEAR LINEAR LINEAR LINEAR
LINEAR LINEAR LINEAR LINEAR LINEAR LINEAR LINEAR LINEAR LINEAR LINEAR LINEAR LINEAR
LINEAR LINEAR LINEAR LINEAR LINEAR LINEAR LINEAR LINEAR LINEAR LINEAR LINEAR LINEAR
LINEAR LINEAR LINEAR</Name_array>
        <technique_common>
          <accessor source="#mixamorig_Hips-Interpolations-array" count="122">
            <param type="name"/>
          </accessor>
        </technique_common>
      </source>
      <sampler id="mixamorig_Hips-Matrix-animation-transform">
        <input semantic="INPUT" source="#mixamorig_Hips-Matrix-animation-input"/>
        <input semantic="OUTPUT" source="#mixamorig_Hips-Matrix-animation-output-transform"/>
        <input semantic="INTERPOLATION" source="#mixamorig_Hips-Interpolations"/>
      </sampler>
      <channel source="#mixamorig_Hips-Matrix-animation-transform" target="mixamorig_Hips/matrix"/>
    </animation>
    <animation id="mixamorig_Spine-anim" name="mixamorig_Spine">
      <source id="mixamorig_Spine-Matrix-animation-input">
        <float_array id="mixamorig_Spine-Matrix-animation-input-array" count="122">

0.000000 0.033333 0.066667 0.100000 0.133333 0.166667 0.200000 0.233333 0.266667 0.300000 0.333333 0.366667 0.400000 0.433333 0.466667 0.500000
0.533333 0.566667 0.600000 0.633333 0.666667 0.700000 0.733333 0.766667 0.800000 0.833333 0.866667 0.900000 0.933333 0.966667 1.000000 1.033333
1.066667 1.100000 1.133333 1.166667 1.200000 1.233333 1.266667 1.300000 1.333333 1.366667 1.400000 1.433333 1.466667 1.500000 1.533333 1.566667
1.600000 1.633333 1.666667 1.700000 1.733333 1.766667 1.800000 1.833333 1.866667 1.900000 1.933333 1.966667 2.000000 2.033333 2.066667 2.100000
2.133333 2.166667 2.200000 2.233333 2.266667 2.300000 2.333333 2.366667 2.400000 2.433333 2.466667 2.500000 2.533333 2.566667 2.600000 2.633333
2.666667 2.700000 2.733333 2.766667 2.800000 2.833333 2.866667 2.900000 2.933333 2.966667 3.000000 3.033333 3.066667 3.100000 3.133333 3.166667
3.200000 3.233333 3.266667 3.300000 3.333333 3.366667 3.400000 3.433333 3.466667 3.500000 3.533333 3.566667 3.600000 3.633333 3.666667 3.700000
3.733333 3.766667 3.800000 3.833333 3.866667 3.900000 3.933333 3.966667 4.000000 4.033333</float_array>
        <technique_common>
          <accessor source="#mixamorig_Spine-Matrix-animation-input-array" count="122">
            <param name="TIME" type="float"/>
          </accessor>
        </technique_common>
      </source>
      <source id="mixamorig_Spine-Matrix-animation-output-transform">
        <float_array id="mixamorig_Spine-Matrix-animation-output-transform-array" count="1952">

0.996575 -0.074087 -0.036742 0.000000 0.071130 0.994558 -0.076130 11.384800 0.042182 0.073256 0.996421 -0.357600 0.000000 0.000000 0.000000 1.000000
0.997048 -0.067809 -0.036013 0.000000 0.064916 0.994977 -0.076204 11.384800 0.041000 0.073641 0.996442 -0.357600 0.000000 0.000000 0.000000 1.000000
0.997511 -0.061614 -0.034273 0.000000 0.058847 0.995324 -0.076603 11.384800 0.038833 0.074396 0.996472 -0.357600 0.000000 0.000000 0.000000 1.000000
0.997960 -0.055751 -0.031111 0.000000 0.053206 0.995580 -0.077389 11.384800 0.035288 0.075576 0.996515 -0.357600 0.000000 0.000000 0.000000 1.000000
0.998430 -0.049483 -0.026250 -0.000000 0.047267 0.995736 -0.079219 11.384800 0.030058 0.077854 0.996512 -0.357600 0.000000 0.000000 0.000000 1.000000
0.998964 -0.041114 -0.019506 -0.000000 0.039351 0.995733 -0.083471 11.384800 0.022855 0.082617 0.996319 -0.357600 0.000000 0.000000 0.000000 1.000000
0.999522 -0.029014 -0.010649 0.000000 0.027921 0.995423 -0.091394 11.384800 0.013252 0.091053 0.995758 -0.357600 0.000000 0.000000 0.000000 1.000000
0.999926 -0.012172 0.000136 0.000000 0.012122 0.994632 -0.102767 11.384800 0.001116 0.102761 0.994705 -0.357600 0.000000 0.000000 0.000000 1.000000
0.999890 0.009557 0.011313 0.000000 -0.008187 0.993270 -0.115535 11.384800 -0.012341 0.115430 0.993239 -0.357600 0.000000 0.000000 0.000000 1.000000
0.999205 0.034632 0.019750 -0.000000 -0.031849 0.991379 -0.127095 11.384800 -0.023982 0.126365 0.991694 -0.357600 0.000000 0.000000 0.000000 1.000000
0.998002 0.059009 0.022577 0.000000 -0.055405 0.989138 -0.136147 11.384800 -0.030366 0.134624 0.990431 -0.357600 0.000000 0.000000 0.000000 1.000000
0.996965 0.075133 0.020398 0.000000 -0.071457 0.987091 -0.143336 11.384800 -0.030904 0.141443 0.989464 -0.357600 0.000000 0.000000 0.000000 1.000000
0.996612 0.080719 0.015784 0.000000 -0.077450 0.985616 -0.150208 11.384800 -0.027682 0.148477 0.988528 -0.357600 0.000000 0.000000 0.000000 1.000000
0.996763 0.079474 0.012117 0.000000 -0.076597 0.984617 -0.157042 11.384800 -0.024411 0.155606 0.987518 -0.357600 0.000000 0.000000 0.000000 1.000000
0.996758 0.079792 0.010349 0.000000 -0.077068 0.983757 -0.162122 11.384800 -0.023117 0.160798 0.986717 -0.357600 0.000000 0.000000 0.000000 1.000000
0.996261 0.085855 0.009641 0.000000 -0.083128 0.983002 -0.163700 11.384800 -0.023531 0.162286 0.986463 -0.357600 0.000000 0.000000 0.000000 1.000000
0.995498 0.094295 0.009566 0.000000 -0.091503 0.982484 -0.162333 11.384800 -0.024706 0.160727 0.986690 -0.357600 0.000000 0.000000 0.000000 1.000000
0.994959 0.099719 0.010613 -0.000000 -0.096737 0.982286 -0.160487 11.384800 -0.026429 0.158652 0.986981 -0.357600 0.000000 0.000000 0.000000 1.000000
0.994814 0.100855 0.013136 0.000000 -0.097472 0.982293 -0.160000 11.384800 -0.029040 0.157890 0.987030 -0.357600 0.000000 0.000000 0.000000 1.000000
0.994804 0.100445 0.016639 0.000000 -0.096494 0.982288 -0.160622 11.384800 -0.032478 0.158181 0.986876 -0.357600 0.000000 0.000000 0.000000 1.000000
0.994609 0.101778 0.019875 -0.000000 -0.097304 0.982228 -0.160497 11.384800 -0.035857 0.157698 0.986836 -0.357600 0.000000 0.000000 0.000000 1.000000
0.994369 0.103436 0.023057 0.000000 -0.098450 0.982158 -0.160231 11.384800 -0.039219 0.157059 0.986810 -0.357600 0.000000 0.000000 0.000000 1.000000
0.994117 0.105109 0.026162 0.000000 -0.099633 0.982105 -0.159823 11.384800 -0.042493 0.156276 0.986799 -0.357600 0.000000 0.000000 0.000000 1.000000
0.993864 0.106775 0.028868 0.000000 -0.100909 0.982161 -0.158671 11.384800 -0.045295 0.154784 0.986909 -0.357600 0.000000 0.000000 0.000000 1.000000
0.993636 0.108262 0.031084 -0.000000 -0.102110 0.982287 -0.157115 11.384800 -0.047543 0.152942 0.987091 -0.357600 0.000000 0.000000 0.000000 1.000000
0.993295 0.111054 0.032128 0.000000 -0.104807 0.982314 -0.155162 11.384800 -0.048791 0.150754 0.987367 -0.357600 0.000000 0.000000 0.000000 1.000000
0.992923 0.114059 0.033079 -0.000000 -0.107737 0.982308 -0.153176 11.384800 -0.049965 0.148529 0.987645 -0.357600 0.000000 0.000000 0.000000 1.000000
0.992533 0.117150 0.033982 0.000000 -0.110764 0.982282 -0.151176 11.384800 -0.051090 0.146283 0.987923 -0.357600 0.000000 0.000000 0.000000 1.000000
0.992137 0.120198 0.034883 0.000000 -0.113754 0.982245 -0.149178 11.384800 -0.052195 0.144037 0.988195 -0.357600 0.000000 0.000000 0.000000 1.000000
0.991751 0.123075 0.035825 -0.000000 -0.116574 0.982214 -0.147197 11.384800 -0.053304 0.141806 0.988458 -0.357600 0.000000 0.000000 0.000000 1.000000
0.991390 0.125653 0.036849 0.000000 -0.119090 0.982202 -0.145249 11.384800 -0.054444 0.139610 0.988709 -0.357600 0.000000 0.000000 0.000000 1.000000
0.991071 0.127804 0.037997 -0.000000 -0.121167 0.982227 -0.143350 11.384800 -0.055642 0.137466 0.988942 -0.357600 0.000000 0.000000 0.000000 1.000000
0.991511 0.123526 0.040577 0.000000 -0.116650 0.982969 -0.142006 11.384800 -0.057428 0.136067 0.989034 -0.357600 0.000000 0.000000 0.000000 1.000000
0.992425 0.115059 0.043059 0.000000 -0.107974 0.984096 -0.141052 11.384800 -0.058604 0.135334 0.989065 -0.357600 0.000000 0.000000 0.000000 1.000000
0.993389 0.105729 0.044712 0.000000 -0.098490 0.985073 -0.141178 11.384800 -0.058971 0.135841 0.988974 -0.357600 0.000000 0.000000 0.000000 1.000000
0.994220 0.097010 0.045987 -0.000000 -0.089639 0.985846 -0.141674 11.384800 -0.059080 0.136733 0.988845 -0.357600 0.000000 0.000000 0.000000 1.000000
0.994668 0.092228 0.046158 0.000000 -0.084797 0.986086 -0.142984 11.384800 -0.058702 0.138307 0.988648 -0.357600 0.000000 0.000000 0.000000 1.000000
0.994838 0.090391 0.046110 0.000000 -0.082903 0.986049 -0.144345 11.384800 -0.058514 0.139777 0.988453 -0.357600 0.000000 0.000000 0.000000 1.000000
0.994882 0.089783 0.046355 0.000000 -0.082199 0.985945 -0.145453 11.384800 -0.058763 0.140898 0.988279 -0.357600 0.000000 0.000000 0.000000 1.000000
0.994966 0.088584 0.046852 -0.000000 -0.080870 0.985879 -0.146637 11.384800 -0.059180 0.142110 0.988080 -0.357600 0.000000 0.000000 0.000000 1.000000
0.995011 0.087810 0.047365 0.000000 -0.080028 0.985942 -0.146673 11.384800 -0.059578 0.142150 0.988050 -0.357600 0.000000 0.000000 0.000000 1.000000
0.994980 0.087911 0.047820 0.000000 -0.080167 0.986185 -0.144956 11.384800 -0.059903 0.140395 0.988282 -0.357600 0.000000 0.000000 0.000000 1.000000
0.994933 0.088188 0.048280 0.000000 -0.080502 0.986457 -0.142907 11.384800 -0.060229 0.138296 0.988558 -0.357600 0.000000 0.000000 0.000000 1.000000
0.994877 0.088572 0.048737 0.000000 -0.080960 0.986748 -0.140621 11.384800 -0.060546 0.135954 0.988863 -0.357600 0.000000 0.000000 0.000000 1.000000
0.994818 0.088992 0.049179 0.000000 -0.081465 0.987049 -0.138194 11.384800 -0.060841 0.133472 0.989183 -0.357600 0.000000 0.000000 0.000000 1.000000
0.994762 0.089376 0.049599 0.000000 -0.081943 0.987352 -0.135724 11.384800 -0.061102 0.130949 0.989504 -0.357600 0.000000 0.000000 0.000000 1.000000
0.994718 0.089655 0.049983 -0.000000 -0.082320 0.987650 -0.133305 11.384800 -0.061317 0.128487 0.989814 -0.357600 0.000000 0.000000 0.000000 1.000000
0.994759 0.089262 0.049875 -0.000000 -0.082137 0.988085 -0.130158 11.384800 -0.060899 0.125380 0.990238 -0.357600 0.000000 0.000000 0.000000 1.000000
0.994991 0.086863 0.049480 -0.000000 -0.079889 0.988452 -0.128767 11.384800 -0.060093 0.124170 0.990440 -0.357600 0.000000 0.000000 0.000000 1.000000
0.995223 0.084374 0.049109 -0.000000 -0.077544 0.988815 -0.127406 11.384800 -0.059309 0.122989 0.990634 -0.357600 0.000000 0.000000 0.000000 1.000000
0.995455 0.081815 0.048743 0.000000 -0.075125 0.989171 -0.126082 11.384800 -0.058530 0.121847 0.990822 -0.357600 0.000000 0.000000 0.000000 1.000000
0.995684 0.079208 0.048363 0.000000 -0.072656 0.989518 -0.124804 11.384800 -0.057742 0.120752 0.991002 -0.357600 0.000000 0.000000 0.000000 1.000000
0.995910 0.076575 0.047951 0.000000 -0.070159 0.989851 -0.123580 11.384800 -0.056928 0.119710 0.991175 -0.357600 0.000000 0.000000 0.000000 1.000000
0.996132 0.073938 0.047487 0.000000 -0.067660 0.990170 -0.122418 11.384800 -0.056072 0.118731 0.991342 -0.357600 0.000000 0.000000 0.000000 1.000000
0.996348 0.071319 0.046954 -0.000000 -0.065180 0.990470 -0.121327 11.384800 -0.055159 0.117823 0.991501 -0.357600 0.000000 0.000000 0.000000 1.000000
0.996558 0.068739 0.046332 0.000000 -0.062744 0.990751 -0.120315 11.384800 -0.054174 0.116993 0.991654 -0.357600 0.000000 0.000000 0.000000 1.000000
0.996762 0.066220 0.045605 0.000000 -0.060376 0.991010 -0.119390 11.384800 -0.053101 0.116250 0.991799 -0.357600 0.000000 0.000000 0.000000 1.000000
0.996976 0.064137 0.043889 -0.000000 -0.058497 0.991104 -0.119543 11.384800 -0.051166 0.116614 0.991858 -0.357600 0.000000 0.000000 0.000000 1.000000
0.997218 0.061946 0.041457 -0.000000 -0.056561 0.991112 -0.120406 11.384800 -0.048547 0.117726 0.991859 -0.357600 0.000000 0.000000 0.000000 1.000000
0.997549 0.058139 0.038936 -0.000000 -0.053048 0.991232 -0.121014 11.384800 -0.045630 0.118652 0.991887 -0.357600 0.000000 0.000000 0.000000 1.000000
0.997964 0.052426 0.036314 0.000000 -0.047655 0.991426 -0.121673 11.384800 -0.042381 0.119695 0.991906 -0.357600 0.000000 0.000000 0.000000 1.000000
0.998432 0.044581 0.033848 0.000000 -0.040128 0.991666 -0.122425 11.384800 -0.039024 0.120874 0.991900 -0.357600 0.000000 0.000000 0.000000 1.000000
0.998930 0.033434 0.031960 -0.000000 -0.029251 0.991924 -0.123414 11.384800 -0.035828 0.122347 0.991840 -0.357600 0.000000 0.000000 0.000000 1.000000
0.999316 0.021195 0.030311 0.000000 -0.017264 0.992066 -0.124530 11.384800 -0.032710 0.123922 0.991753 -0.357600 0.000000 0.000000 0.000000 1.000000
0.999550 0.006828 0.029192 0.000000 -0.003101 0.992043 -0.125859 11.384800 -0.029819 0.125712 0.991619 -0.357600 0.000000 0.000000 0.000000 1.000000
0.999588 -0.006233 0.028015 0.000000 0.009751 0.991824 -0.127242 11.384800 -0.026993 0.127463 0.991476 -0.357600 0.000000 0.000000 0.000000 1.000000
0.999562 -0.013754 0.026186 -0.000000 0.017002 0.991611 -0.128138 11.384800 -0.024204 0.128527 0.991411 -0.357600 0.000000 0.000000 0.000000 1.000000
0.999496 -0.020523 0.024238 0.000000 0.023484 0.991369 -0.128984 11.384800 -0.021381 0.129489 0.991350 -0.357600 0.000000 0.000000 0.000000 1.000000
0.999385 -0.027073 0.022298 0.000000 0.029746 0.991088 -0.129843 11.384800 -0.018584 0.130427 0.991284 -0.357600 0.000000 0.000000 0.000000 1.000000
0.999214 -0.033941 0.020502 0.000000 0.036337 0.990746 -0.130778 11.384800 -0.015873 0.131420 0.991200 -0.357600 0.000000 0.000000 0.000000 1.000000
0.998951 -0.041661 0.018986 0.000000 0.043806 0.990301 -0.131854 11.384800 -0.013308 0.132548 0.991087 -0.357600 0.000000 0.000000 0.000000 1.000000
0.998225 -0.056139 0.019894 -0.000000 0.058304 0.989281 -0.133877 11.384800 -0.012165 0.134799 0.990798 -0.357600 0.000000 0.000000 0.000000 1.000000
0.997353 -0.069979 0.019738 -0.000000 0.072024 0.988026 -0.136445 11.384800 -0.009953 0.137506 0.990451 -0.357600 0.000000 0.000000 0.000000 1.000000
0.996844 -0.077630 0.016591 0.000000 0.079181 0.987254 -0.138061 11.384800 -0.005662 0.138939 0.990285 -0.357600 0.000000 0.000000 0.000000 1.000000
0.996804 -0.079083 0.011326 0.000000 0.079890 0.987221 -0.137888 11.384800 -0.000277 0.138352 0.990383 -0.357600 0.000000 0.000000 0.000000 1.000000
0.996928 -0.078020 0.006825 0.000000 0.078218 0.987444 -0.137243 11.384800 0.003969 0.137355 0.990514 -0.357600 0.000000 0.000000 0.000000 1.000000
0.997045 -0.076762 0.002927 0.000000 0.076439 0.987636 -0.136865 11.384800 0.007615 0.136684 0.990585 -0.357600 0.000000 0.000000 0.000000 1.000000
0.997024 -0.077082 0.001275 0.000000 0.076517 0.987421 -0.138368 11.384800 0.009406 0.138054 0.990380 -0.357600 0.000000 0.000000 0.000000 1.000000
0.996935 -0.078232 0.001026 -0.000000 0.077598 0.987014 -0.140650 11.384800 0.009991 0.140299 0.990059 -0.357600 0.000000 0.000000 0.000000 1.000000
0.996839 -0.079431 0.001310 -0.000000 0.078802 0.986577 -0.143025 11.384800 0.010069 0.142676 0.989718 -0.357600 0.000000 0.000000 0.000000 1.000000
0.996787 -0.080051 0.002836 -0.000000 0.079615 0.986211 -0.145087 11.384800 0.008817 0.144847 0.989415 -0.357600 0.000000 0.000000 0.000000 1.000000
0.996743 -0.080471 0.005305 0.000000 0.080377 0.985903 -0.146746 11.384800 0.006579 0.146695 0.989160 -0.357600 0.000000 0.000000 0.000000 1.000000
0.996675 -0.081071 0.008191 -0.000000 0.081392 0.985723 -0.147394 11.384800 0.003875 0.147571 0.989044 -0.357600 0.000000 0.000000 0.000000 1.000000
0.996603 -0.081610 0.011067 -0.000000 0.082349 0.985593 -0.147731 11.384800 0.001149 0.148141 0.988966 -0.357600 0.000000 0.000000 0.000000 1.000000
0.996568 -0.081674 0.013470 0.000000 0.082768 0.985586 -0.147547 11.384800 -0.001225 0.148155 0.988963 -0.357600 0.000000 0.000000 0.000000 1.000000
0.996570 -0.081284 0.015517 0.000000 0.082687 0.985547 -0.147849 11.384800 -0.003275 0.148625 0.988888 -0.357600 0.000000 0.000000 0.000000 1.000000
0.996564 -0.080986 0.017378 0.000000 0.082673 0.985436 -0.148597 11.384800 -0.005090 0.149523 0.988745 -0.357600 0.000000 0.000000 0.000000 1.000000
0.996456 -0.081946 0.018998 0.000000 0.083859 0.985459 -0.147779 11.384800 -0.006611 0.148849 0.988838 -0.357600 0.000000 0.000000 0.000000 1.000000
0.996318 -0.083230 0.020567 -0.000000 0.085353 0.985500 -0.146647 11.384800 -0.008064 0.147862 0.988975 -0.357600 0.000000 0.000000 0.000000 1.000000
0.996062 -0.085868 0.022087 0.000000 0.088175 0.985462 -0.145225 11.384800 -0.009295 0.146601 0.989152 -0.357600 0.000000 0.000000 0.000000 1.000000
0.995519 -0.091599 0.023496 0.000000 0.094030 0.985227 -0.143132 11.384800 -0.010039 0.144699 0.989425 -0.357600 0.000000 0.000000 0.000000 1.000000
0.994751 -0.099277 0.024799 0.000000 0.101793 0.984791 -0.140802 11.384800 -0.010444 0.142587 0.989727 -0.357600 0.000000 0.000000 0.000000 1.000000
0.993753 -0.108532 0.025995 -0.000000 0.111109 0.984018 -0.139156 11.384800 -0.010476 0.141175 0.989929 -0.357600 0.000000 0.000000 0.000000 1.000000
0.992845 -0.116386 0.026695 -0.000000 0.118961 0.983428 -0.136814 11.384800 -0.010329 0.139011 0.990237 -0.357600 0.000000 0.000000 0.000000 1.000000
0.992555 -0.118927 0.026296 0.000000 0.121388 0.983610 -0.133330 11.384800 -0.010008 0.135529 0.990723 -0.357600 0.000000 0.000000 0.000000 1.000000
0.992500 -0.119574 0.025404 -0.000000 0.121873 0.984049 -0.129595 11.384800 -0.009502 0.131719 0.991242 -0.357600 0.000000 0.000000 0.000000 1.000000
0.992971 -0.116064 0.023186 -0.000000 0.118070 0.985012 -0.125737 11.384800 -0.008245 0.127591 0.991793 -0.357600 0.000000 0.000000 0.000000 1.000000
0.993444 -0.112599 0.019771 -0.000000 0.114175 0.985956 -0.121877 11.384800 -0.005770 0.123335 0.992348 -0.357600 0.000000 0.000000 0.000000 1.000000
0.993692 -0.111118 0.015097 -0.000000 0.112125 0.986666 -0.117979 11.384800 -0.001786 0.118928 0.992901 -0.357600 0.000000 0.000000 0.000000 1.000000
0.993694 -0.111715 0.009613 0.000000 0.112078 0.987039 -0.114856 11.384800 0.003343 0.115209 0.993336 -0.357600 0.000000 0.000000 0.000000 1.000000
0.993647 -0.112461 0.004238 0.000000 0.112224 0.987330 -0.112188 11.384800 0.008432 0.111950 0.993678 -0.357600 0.000000 0.000000 0.000000 1.000000
0.993708 -0.112005 0.000249 -0.000000 0.111341 0.987565 -0.110990 11.384800 0.012185 0.110319 0.993822 -0.357600 0.000000 0.000000 0.000000 1.000000
0.993967 -0.109662 -0.001962 0.000000 0.108777 0.987925 -0.110329 11.384800 0.014037 0.109450 0.993893 -0.357600 0.000000 0.000000 0.000000 1.000000
0.994296 -0.106619 -0.002863 0.000000 0.105666 0.988346 -0.109572 11.384800 0.014512 0.108645 0.993975 -0.357600 0.000000 0.000000 0.000000 1.000000
0.994470 -0.104974 -0.003255 0.000000 0.104004 0.988642 -0.108486 11.384800 0.014607 0.107548 0.994093 -0.357600 0.000000 0.000000 0.000000 1.000000
0.994382 -0.105742 -0.004730 -0.000000 0.104638 0.988772 -0.106681 11.384800 0.015958 0.105587 0.994282 -0.357600 0.000000 0.000000 0.000000 1.000000
0.994250 -0.106896 -0.006296 0.000000 0.105654 0.988866 -0.104793 11.384800 0.017428 0.103525 0.994474 -0.357600 0.000000 0.000000 0.000000 1.000000
