<?xml version="1.0" encoding="utf-8"?>
<COLLADA xmlns="http://www.collada.org/2005/11/COLLADASchema" version="1.4.1">
  <asset>
    <contributor>
      <author>Mixamo</author>
      <authoring_tool>COLLADA Mixamo exporter</authoring_tool>
      <comments/>
    </contributor>
    <created>2024-04-05T05:27:35Z</created>
    <modified>2024-04-05T05:27:35Z</modified>
    <revision/>
    <title/>
    <unit meter="0.010000"/>
    <up_axis>Y_UP</up_axis>
  </asset>
  <library_animations>
    <animation id="mixamorig_Hips-anim" name="mixamorig_Hips">
      <source id="mixamorig_Hips-Matrix-animation-input">
        <float_array id="mixamorig_Hips-Matrix-animation-input-array" count="182">

0.000000 0.033333 0.066667 0.100000 0.133333 0.166667 0.200000 0.233333 0.266667 0.300000 0.333333 0.366667 0.400000 0.433333 0.466667 0.500000
0.533333 0.566667 0.600000 0.633333 0.666667 0.700000 0.733333 0.766667 0.800000 0.833333 0.866667 0.900000 0.933333 0.966667 1.000000 1.033333
1.066667 1.100000 1.133333 1.166667 1.200000 1.233333 1.266667 1.300000 1.333333 1.366667 1.400000 1.433333 1.466667 1.500000 1.533333 1.566667
1.600000 1.633333 1.666667 1.700000 1.733333 1.766667 1.800000 1.833333 1.866667 1.900000 1.933333 1.966667 2.000000 2.033333 2.066667 2.100000
2.133333 2.166667 2.200000 2.233333 2.266667 2.300000 2.333333 2.366667 2.400000 2.433333 2.466667 2.500000 2.533333 2.566667 2.600000 2.633333
2.666667 2.700000 2.733333 2.766667 2.800000 2.833333 2.866667 2.900000 2.933333 2.966667 3.000000 3.033333 3.066667 3.100000 3.133333 3.166667
3.200000 3.233333 3.266667 3.300000 3.333333 3.366667 3.400000 3.433333 3.466667 3.500000 3.533333 3.566667 3.600000 3.633333 3.666667 3.700000
3.733333 3.766667 3.800000 3.833333 3.866667 3.900000 3.933333 3.966667 4.000000 4.033333 4.066667 4.100000 4.133333 4.166667 4.200000 4.233333
4.266667 4.300000 4.333333 4.366667 4.400000 4.433333 4.466667 4.500000 4.533333 4.566667 4.600000 4.633333 4.666667 4.700000 4.733333 4.766667
4.800000 4.833333 4.866667 4.900000 4.933333 4.966667 5.000000 5.033333 5.066667 5.100000 5.133333 5.166667 5.200000 5.233333 5.266667 5.300000
5.333333 5.366667 5.400000 5.433333 5.466667 5.500000 5.533333 5.566667 5.600000 5.633333 5.666667 5.700000 5.733333 5.766667 5.800000 5.833333
5.866667 5.900000 5.933333 5.966667 6.000000 6.033333</float_array>
        <technique_common>
          <accessor source="#mixamorig_Hips-Matrix-animation-input-array" count="182">
            <param name="TIME" type="float"/>
          </accessor>
        </technique_common>
      </source>
      <source id="mixamorig_Hips-Matrix-animation-output-transform">
        <float_array id="mixamorig_Hips-Matrix-animation-output-transform-array" count="2912">

0.942091 -0.029319 -0.334072 0.552345 -0.039928 0.979279 -0.198540 93.038414 0.332971 0.200382 0.921400 -2.061256 0.000000 0.000000 0.000000 1.000000
0.941008 -0.029264 -0.337115 0.571676 -0.040456 0.979378 -0.197945 93.049370 0.335956 0.199907 0.920419 -2.072875 0.000000 0.000000 0.000000 1.000000
0.939886 -0.029203 -0.340238 0.599790 -0.041002 0.979478 -0.197336 93.057701 0.339019 0.199424 0.919400 -2.078754 0.000000 0.000000 0.000000 1.000000
0.938689 -0.029127 -0.343532 0.645758 -0.041594 0.979579 -0.196709 93.062408 0.342246 0.198938 0.918309 -2.073691 0.000000 0.000000 0.000000 1.000000
0.937394 -0.029041 -0.347057 0.717500 -0.042225 0.979689 -0.196027 93.055931 0.345701 0.198409 0.917129 -2.050333 0.000000 0.000000 0.000000 1.000000
0.935997 -0.028944 -0.350816 0.816836 -0.042887 0.979813 -0.195263 93.033577 0.349385 0.197811 0.915861 -2.006510 0.000000 0.000000 0.000000 1.000000
0.934534 -0.028841 -0.354704 0.931275 -0.043565 0.979943 -0.194458 93.003624 0.353198 0.197180 0.914533 -1.951526 0.000000 0.000000 0.000000 1.000000
0.932984 -0.028757 -0.358767 1.063965 -0.044248 0.980077 -0.193626 92.967758 0.357188 0.196525 0.913124 -1.882148 0.000000 0.000000 0.000000 1.000000
0.931053 -0.028792 -0.363746 1.288962 -0.044969 0.980228 -0.192693 92.902878 0.362102 0.195765 0.911350 -1.739719 0.000000 0.000000 0.000000 1.000000
0.929026 -0.029122 -0.368865 1.564625 -0.045470 0.980357 -0.191920 92.837463 0.367209 0.195072 0.909453 -1.543942 0.000000 0.000000 0.000000 1.000000
0.926959 -0.029514 -0.374000 1.850455 -0.045918 0.980480 -0.191181 92.772102 0.372342 0.194390 0.907509 -1.336905 0.000000 0.000000 0.000000 1.000000
0.924873 -0.030086 -0.379085 2.146969 -0.046207 0.980588 -0.190557 92.709061 0.377460 0.193757 0.905529 -1.109753 0.000000 0.000000 0.000000 1.000000
0.922719 -0.031147 -0.384212 2.462562 -0.045972 0.980725 -0.189909 92.648804 0.382721 0.192895 0.903502 -0.847497 0.000000 0.000000 0.000000 1.000000
0.920685 -0.032312 -0.388966 2.799096 -0.045862 0.980708 -0.190024 92.597321 0.387602 0.192791 0.901441 -0.538909 0.000000 0.000000 0.000000 1.000000
0.918823 -0.033250 -0.393267 3.144038 -0.046358 0.980455 -0.191204 92.555489 0.391938 0.193914 0.899323 -0.201392 0.000000 0.000000 0.000000 1.000000
0.916944 -0.034213 -0.397546 3.491013 -0.046962 0.980139 -0.192670 92.516243 0.396242 0.195337 0.897126 0.143860 0.000000 0.000000 0.000000 1.000000
0.915077 -0.035172 -0.401742 3.839970 -0.047629 0.979792 -0.194267 92.478363 0.400457 0.196903 0.894910 0.494379 0.000000 0.000000 0.000000 1.000000
0.913249 -0.036093 -0.405800 4.190861 -0.048312 0.979445 -0.195842 92.440643 0.404527 0.198458 0.892733 0.847699 0.000000 0.000000 0.000000 1.000000
0.911489 -0.036940 -0.409661 4.543636 -0.048969 0.979131 -0.197244 92.401840 0.408398 0.199846 0.890658 1.201353 0.000000 0.000000 0.000000 1.000000
0.909829 -0.037672 -0.413271 4.898246 -0.049553 0.978884 -0.198322 92.360733 0.412015 0.200918 0.888750 1.552874 0.000000 0.000000 0.000000 1.000000
0.909809 -0.036683 -0.413403 5.287672 -0.049664 0.979306 -0.196198 92.298668 0.412045 0.199034 0.889159 1.908515 0.000000 0.000000 0.000000 1.000000
0.912142 -0.034513 -0.408418 5.684784 -0.049907 0.979682 -0.194247 92.237564 0.406824 0.197564 0.891887 2.285174 0.000000 0.000000 0.000000 1.000000
0.914694 -0.032148 -0.402866 6.088607 -0.050196 0.980076 -0.192176 92.176559 0.401018 0.196005 0.894856 2.668858 0.000000 0.000000 0.000000 1.000000
0.917340 -0.029794 -0.396988 6.489197 -0.050470 0.980446 -0.190205 92.115616 0.394893 0.194519 0.897899 3.050778 0.000000 0.000000 0.000000 1.000000
0.919963 -0.027649 -0.391030 6.876613 -0.050669 0.980755 -0.188552 92.054665 0.388718 0.193274 0.900857 3.422149 0.000000 0.000000 0.000000 1.000000
0.922452 -0.025903 -0.385242 7.240915 -0.050732 0.980966 -0.187434 91.993675 0.382764 0.192443 0.903580 3.774184 0.000000 0.000000 0.000000 1.000000
0.924660 -0.025828 -0.379917 7.527908 -0.050187 0.980728 -0.188823 91.932388 0.377472 0.193664 0.905544 4.065953 0.000000 0.000000 0.000000 1.000000
0.926928 -0.026019 -0.374337 7.733685 -0.049498 0.980398 -0.190711 91.871429 0.371961 0.195304 0.907470 4.284579 0.000000 0.000000 0.000000 1.000000
0.929593 -0.024595 -0.367767 7.901383 -0.049313 0.980502 -0.190221 91.810677 0.365275 0.194964 0.910254 4.457446 0.000000 0.000000 0.000000 1.000000
0.932336 -0.022754 -0.360878 8.042686 -0.049262 0.980720 -0.189105 91.750267 0.358223 0.194087 0.913240 4.602736 0.000000 0.000000 0.000000 1.000000
0.934804 -0.021309 -0.354524 8.175908 -0.049153 0.980831 -0.188560 91.691971 0.351746 0.193692 0.915837 4.739944 0.000000 0.000000 0.000000 1.000000
0.936023 -0.022020 -0.351250 8.274828 -0.048715 0.980327 -0.191276 91.644836 0.348551 0.196150 0.916535 4.843237 0.000000 0.000000 0.000000 1.000000
0.937061 -0.023781 -0.348355 8.358297 -0.047900 0.979490 -0.195717 91.611298 0.345864 0.200085 0.916703 4.927484 0.000000 0.000000 0.000000 1.000000
0.937933 -0.025624 -0.345868 8.419234 -0.046960 0.978699 -0.199855 91.594330 0.343622 0.203693 0.916751 4.975976 0.000000 0.000000 0.000000 1.000000
0.938263 -0.026910 -0.344875 8.442903 -0.046162 0.978312 -0.201926 91.593338 0.342829 0.205380 0.916672 4.970405 0.000000 0.000000 0.000000 1.000000
0.937850 -0.027601 -0.345940 8.414594 -0.045558 0.978414 -0.201572 91.603729 0.344036 0.204805 0.916348 4.904251 0.000000 0.000000 0.000000 1.000000
0.936996 -0.027932 -0.348222 8.327311 -0.045072 0.978801 -0.199791 91.619843 0.346421 0.202898 0.915874 4.783555 0.000000 0.000000 0.000000 1.000000
0.936405 -0.027938 -0.349807 8.171640 -0.044871 0.979111 -0.198314 91.641495 0.348040 0.201399 0.915591 4.606622 0.000000 0.000000 0.000000 1.000000
0.935983 -0.027813 -0.350944 7.991323 -0.044821 0.979347 -0.197157 91.666817 0.349180 0.200265 0.915406 4.407932 0.000000 0.000000 0.000000 1.000000
0.936145 -0.027373 -0.350548 7.756158 -0.045243 0.979300 -0.197292 91.704941 0.348692 0.200554 0.915528 4.156702 0.000000 0.000000 0.000000 1.000000
0.936473 -0.027169 -0.349685 7.457566 -0.045348 0.979247 -0.197530 91.761368 0.347795 0.200839 0.915807 3.851928 0.000000 0.000000 0.000000 1.000000
0.936836 -0.027015 -0.348725 7.145784 -0.045380 0.979198 -0.197768 91.821480 0.346813 0.201101 0.916122 3.536150 0.000000 0.000000 0.000000 1.000000
0.937246 -0.026934 -0.347628 6.813241 -0.045183 0.979223 -0.197690 91.885590 0.345730 0.200991 0.916555 3.204903 0.000000 0.000000 0.000000 1.000000
0.937753 -0.027051 -0.346247 6.434847 -0.044416 0.979435 -0.196811 91.958443 0.344450 0.199939 0.917267 2.840660 0.000000 0.000000 0.000000 1.000000
0.938334 -0.027207 -0.344659 6.028926 -0.043432 0.979725 -0.195582 92.036110 0.342992 0.198490 0.918128 2.454362 0.000000 0.000000 0.000000 1.000000
0.939000 -0.027056 -0.342851 5.611744 -0.042808 0.979953 -0.194575 92.113205 0.341242 0.197383 0.919018 2.051166 0.000000 0.000000 0.000000 1.000000
0.939131 -0.026920 -0.342502 5.171560 -0.042375 0.980237 -0.193236 92.179161 0.340935 0.195987 0.919431 1.643404 0.000000 0.000000 0.000000 1.000000
0.939374 -0.026909 -0.341836 4.756966 -0.042019 0.980369 -0.192643 92.242630 0.340309 0.195327 0.919803 1.281866 0.000000 0.000000 0.000000 1.000000
0.939973 -0.027091 -0.340172 4.383049 -0.041681 0.980265 -0.193242 92.308281 0.338694 0.195821 0.920294 0.982573 0.000000 0.000000 0.000000 1.000000
0.940620 -0.027325 -0.338361 4.007720 -0.041308 0.980134 -0.193988 92.376778 0.336940 0.196446 0.920804 0.682399 0.000000 0.000000 0.000000 1.000000
0.941299 -0.027593 -0.336443 3.632184 -0.040915 0.979980 -0.194844 92.447044 0.335084 0.197172 0.921326 0.382742 0.000000 0.000000 0.000000 1.000000
0.941997 -0.027876 -0.334461 3.257648 -0.040515 0.979812 -0.195771 92.517998 0.333167 0.197967 0.921851 0.085004 0.000000 0.000000 0.000000 1.000000
0.942698 -0.028157 -0.332456 2.885319 -0.040121 0.979636 -0.196733 92.588570 0.331225 0.198799 0.922371 -0.209416 0.000000 0.000000 0.000000 1.000000
0.943389 -0.028419 -0.330469 2.516403 -0.039747 0.979458 -0.197693 92.657661 0.329299 0.199637 0.922880 -0.499117 0.000000 0.000000 0.000000 1.000000
0.944055 -0.028645 -0.328542 2.152106 -0.039406 0.979285 -0.198614 92.724228 0.327426 0.200449 0.923370 -0.782699 0.000000 0.000000 0.000000 1.000000
0.944682 -0.028819 -0.326718 1.793634 -0.039112 0.979125 -0.199459 92.787170 0.325646 0.201204 0.923835 -1.058761 0.000000 0.000000 0.000000 1.000000
0.945259 -0.028926 -0.325037 1.442194 -0.038880 0.978985 -0.200191 92.845421 0.323998 0.201870 0.924270 -1.325904 0.000000 0.000000 0.000000 1.000000
0.945770 -0.028949 -0.323544 1.098992 -0.038723 0.978872 -0.200775 92.897896 0.322520 0.202416 0.924667 -1.582727 0.000000 0.000000 0.000000 1.000000
0.946204 -0.028872 -0.322279 0.765235 -0.038654 0.978792 -0.201174 92.943520 0.321253 0.202809 0.925022 -1.827830 0.000000 0.000000 0.000000 1.000000
0.946210 -0.028125 -0.322329 0.495627 -0.039230 0.978893 -0.200573 92.943398 0.321167 0.202429 0.925135 -1.986429 0.000000 0.000000 0.000000 1.000000
0.945695 -0.026649 -0.323961 0.309745 -0.040512 0.979200 -0.198809 92.889816 0.322521 0.201137 0.924945 -2.037659 0.000000 0.000000 0.000000 1.000000
0.945037 -0.025201 -0.325990 0.156102 -0.041775 0.979547 -0.196832 92.828423 0.324283 0.199632 0.924656 -2.061000 0.000000 0.000000 0.000000 1.000000
0.944265 -0.023931 -0.328315 0.026816 -0.042835 0.979942 -0.194625 92.771469 0.326388 0.197841 0.924300 -2.074630 0.000000 0.000000 0.000000 1.000000
0.943193 -0.022970 -0.331452 -0.008197 -0.043717 0.980353 -0.192343 92.693153 0.329358 0.195907 0.923658 -2.007285 0.000000 0.000000 0.000000 1.000000
0.941931 -0.022432 -0.335055 0.039634 -0.044370 0.980704 -0.190396 92.594818 0.332861 0.194206 0.922761 -1.869965 0.000000 0.000000 0.000000 1.000000
0.940575 -0.021995 -0.338874 0.116114 -0.044965 0.981047 -0.188480 92.488602 0.336597 0.192517 0.921759 -1.708604 0.000000 0.000000 0.000000 1.000000
0.939159 -0.021746 -0.342793 0.222303 -0.045435 0.981359 -0.186736 92.379272 0.340464 0.190949 0.920664 -1.520926 0.000000 0.000000 0.000000 1.000000
0.937723 -0.021779 -0.346700 0.359259 -0.045713 0.981617 -0.185304 92.271645 0.344363 0.189612 0.919490 -1.304657 0.000000 0.000000 0.000000 1.000000
0.936160 -0.022609 -0.350847 0.529545 -0.045492 0.981750 -0.184653 92.158836 0.348619 0.188825 0.918047 -1.050595 0.000000 0.000000 0.000000 1.000000
0.934545 -0.023904 -0.355042 0.753901 -0.044975 0.981805 -0.184487 92.046181 0.352992 0.188380 0.916466 -0.747051 0.000000 0.000000 0.000000 1.000000
0.933203 -0.024479 -0.358514 1.060653 -0.044851 0.981941 -0.183793 91.956779 0.356539 0.187596 0.915253 -0.388023 0.000000 0.000000 0.000000 1.000000
0.932124 -0.024212 -0.361329 1.427653 -0.045204 0.982179 -0.182428 91.889763 0.359307 0.186379 0.914419 0.007994 0.000000 0.000000 0.000000 1.000000
0.931073 -0.023794 -0.364055 1.811691 -0.045644 0.982433 -0.180946 91.828064 0.361966 0.185091 0.913631 0.416592 0.000000 0.000000 0.000000 1.000000
0.930055 -0.023250 -0.366684 2.209496 -0.046152 0.982699 -0.179370 91.770454 0.364510 0.183747 0.912891 0.834904 0.000000 0.000000 0.000000 1.000000
0.929073 -0.022607 -0.369205 2.617798 -0.046707 0.982972 -0.177723 91.715698 0.366936 0.182362 0.912196 1.260063 0.000000 0.000000 0.000000 1.000000
0.928131 -0.021891 -0.371609 3.033326 -0.047288 0.983249 -0.176029 91.662582 0.369237 0.180950 0.911549 1.689201 0.000000 0.000000 0.000000 1.000000
0.927234 -0.021130 -0.373886 3.452809 -0.047875 0.983526 -0.174312 91.609856 0.371409 0.179528 0.910947 2.119452 0.000000 0.000000 0.000000 1.000000
0.926385 -0.020349 -0.376027 3.872977 -0.048448 0.983801 -0.172596 91.556320 0.373447 0.178108 0.910393 2.547947 0.000000 0.000000 0.000000 1.000000
0.925589 -0.019576 -0.378023 4.290558 -0.048987 0.984069 -0.170905 91.500710 0.375346 0.176707 0.909885 2.971820 0.000000 0.000000 0.000000 1.000000
0.926482 -0.017863 -0.375914 4.797437 -0.049538 0.984393 -0.168868 91.443405 0.373064 0.175076 0.911138 3.397436 0.000000 0.000000 0.000000 1.000000
0.926184 -0.017474 -0.376666 5.259744 -0.050064 0.984383 -0.168770 91.395660 0.373733 0.175169 0.910845 3.798262 0.000000 0.000000 0.000000 1.000000
0.925322 -0.017931 -0.378758 5.640072 -0.050552 0.984131 -0.170090 91.373207 0.375797 0.176535 0.909732 4.168793 0.000000 0.000000 0.000000 1.000000
0.924823 -0.019125 -0.379917 5.844286 -0.050491 0.983727 -0.172429 91.414688 0.377032 0.178649 0.908808 4.483830 0.000000 0.000000 0.000000 1.000000
0.924352 -0.020375 -0.380996 6.036042 -0.050392 0.983306 -0.174843 91.460678 0.378198 0.180816 0.907894 4.807490 0.000000 0.000000 0.000000 1.000000
0.923908 -0.021689 -0.382000 6.213570 -0.050248 0.982867 -0.177337 91.511841 0.379302 0.183038 0.906988 5.118825 0.000000 0.000000 0.000000 1.000000
0.923487 -0.023078 -0.382936 6.375097 -0.050053 0.982408 -0.179914 91.568840 0.380351 0.185315 0.906086 5.396882 0.000000 0.000000 0.000000 1.000000
0.923087 -0.024549 -0.383807 6.518853 -0.049800 0.981929 -0.182579 91.632347 0.381354 0.187650 0.905183 5.620713 0.000000 0.000000 0.000000 1.000000
0.922723 -0.026235 -0.384569 6.623514 -0.049400 0.981406 -0.185479 91.712128 0.382285 0.190143 0.904270 5.737733 0.000000 0.000000 0.000000 1.000000
0.922426 -0.028123 -0.385149 6.682090 -0.048851 0.980835 -0.188616 91.808739 0.383072 0.192800 0.903374 5.742919 0.000000 0.000000 0.000000 1.000000
0.922216 -0.030003 -0.385510 6.714305 -0.048280 0.980249 -0.191783 91.909012 0.383650 0.195478 0.902553 5.686669 0.000000 0.000000 0.000000 1.000000
0.922053 -0.031844 -0.385753 6.735802 -0.047719 0.979655 -0.194931 92.009140 0.384112 0.198144 0.901774 5.592955 0.000000 0.000000 0.000000 1.000000
0.921901 -0.033719 -0.385955 6.748442 -0.047134 0.979044 -0.198120 92.112343 0.384547 0.200838 0.900993 5.464637 0.000000 0.000000 0.000000 1.000000
0.921791 -0.035572 -0.386052 6.751275 -0.046549 0.978423 -0.201302 92.215981 0.384882 0.203529 0.900245 5.320445 0.000000 0.000000 0.000000 1.000000
0.921751 -0.037346 -0.385979 6.743353 -0.045987 0.977801 -0.204429 92.317444 0.385045 0.206183 0.899571 5.179106 0.000000 0.000000 0.000000 1.000000
0.921811 -0.038984 -0.385673 6.723728 -0.045470 0.977187 -0.207455 92.414093 0.384963 0.208771 0.899010 5.059350 0.000000 0.000000 0.000000 1.000000
0.921806 -0.040557 -0.385524 6.699515 -0.045096 0.976540 -0.210559 92.508675 0.385020 0.211480 0.898352 4.987762 0.000000 0.000000 0.000000 1.000000
0.921801 -0.042041 -0.385377 6.664824 -0.044829 0.975873 -0.213687 92.600883 0.385063 0.214253 0.897676 4.946405 0.000000 0.000000 0.000000 1.000000
0.922172 -0.043231 -0.384355 6.599194 -0.044490 0.975282 -0.216439 92.683502 0.384212 0.216694 0.897455 4.887225 0.000000 0.000000 0.000000 1.000000
0.923292 -0.043912 -0.381581 6.482163 -0.043901 0.974869 -0.218413 92.749344 0.381582 0.218410 0.898160 4.762164 0.000000 0.000000 0.000000 1.000000
0.925285 -0.044052 -0.376706 6.326021 -0.043105 0.974582 -0.219845 92.797333 0.376816 0.219657 0.899867 4.574897 0.000000 0.000000 0.000000 1.000000
0.927818 -0.043848 -0.370446 6.154041 -0.042246 0.974328 -0.221136 92.834282 0.370632 0.220824 0.902147 4.362869 0.000000 0.000000 0.000000 1.000000
0.930574 -0.043444 -0.363517 5.962249 -0.041292 0.974143 -0.222126 92.864838 0.363768 0.221715 0.904718 4.128680 0.000000 0.000000 0.000000 1.000000
0.933251 -0.042992 -0.356642 5.746667 -0.040216 0.974067 -0.222656 92.893654 0.356966 0.222137 0.907321 3.874931 0.000000 0.000000 0.000000 1.000000
0.935572 -0.042647 -0.350552 5.503319 -0.038991 0.974136 -0.222573 92.925354 0.350977 0.221901 0.909711 3.604223 0.000000 0.000000 0.000000 1.000000
0.937274 -0.042569 -0.345984 5.228229 -0.037593 0.974384 -0.221725 92.964584 0.346560 0.220824 0.911665 3.319158 0.000000 0.000000 0.000000 1.000000
0.937945 -0.042921 -0.344118 4.882489 -0.035798 0.975026 -0.219185 93.013718 0.344932 0.217902 0.912985 2.995704 0.000000 0.000000 0.000000 1.000000
0.937736 -0.043601 -0.344602 4.459465 -0.033593 0.976056 -0.214910 93.070244 0.345721 0.213105 0.913818 2.625427 0.000000 0.000000 0.000000 1.000000
0.937231 -0.044364 -0.345877 4.003589 -0.031270 0.977186 -0.210072 93.131500 0.347305 0.207701 0.914461 2.234325 0.000000 0.000000 0.000000 1.000000
0.937019 -0.044995 -0.346369 3.559293 -0.029115 0.978154 -0.205832 93.194839 0.348064 0.202953 0.915239 1.848392 0.000000 0.000000 0.000000 1.000000
0.937348 -0.045496 -0.345412 3.119653 -0.027167 0.978873 -0.202655 93.269440 0.347334 0.199342 0.916309 1.466545 0.000000 0.000000 0.000000 1.000000
0.938105 -0.045616 -0.343333 2.686057 -0.025722 0.979376 -0.200402 93.345581 0.345394 0.196829 0.917585 1.071066 0.000000 0.000000 0.000000 1.000000
0.939983 -0.044197 -0.338346 2.324474 -0.026206 0.979297 -0.200726 93.394547 0.340213 0.197546 0.919365 0.642552 0.000000 0.000000 0.000000 1.000000
0.941334 -0.042447 -0.334797 1.998072 -0.027735 0.978972 -0.202098 93.433289 0.336335 0.199528 0.920363 0.232127 0.000000 0.000000 0.000000 1.000000
0.942559 -0.040619 -0.331561 1.679595 -0.029458 0.978604 -0.203632 93.469124 0.332738 0.201702 0.921196 -0.173392 0.000000 0.000000 0.000000 1.000000
0.943552 -0.038745 -0.328950 1.382372 -0.031099 0.978385 -0.204442 93.489197 0.329760 0.203132 0.921952 -0.554690 0.000000 0.000000 0.000000 1.000000
0.944096 -0.036682 -0.327624 1.119988 -0.032522 0.978580 -0.203283 93.476639 0.328064 0.202573 0.922680 -0.891275 0.000000 0.000000 0.000000 1.000000
0.944264 -0.034832 -0.327342 0.913702 -0.033725 0.978918 -0.201451 93.434021 0.327458 0.201262 0.923182 -1.171188 0.000000 0.000000 0.000000 1.000000
0.944400 -0.033417 -0.327096 0.749636 -0.034714 0.979128 -0.200258 93.366318 0.326961 0.200479 0.923528 -1.419249 0.000000 0.000000 0.000000 1.000000
0.944419 -0.032221 -0.327160 0.614181 -0.035594 0.979312 -0.199201 93.287666 0.326810 0.199774 0.923735 -1.641156 0.000000 0.000000 0.000000 1.000000
0.944010 -0.031440 -0.328417 0.532576 -0.036434 0.979426 -0.198487 93.228050 0.327900 0.199339 0.923442 -1.801712 0.000000 0.000000 0.000000 1.000000
0.943150 -0.031086 -0.330910 0.500218 -0.037244 0.979462 -0.198161 93.194221 0.330274 0.199220 0.922622 -1.902622 0.000000 0.000000 0.000000 1.000000
0.942078 -0.030964 -0.333962 0.491462 -0.038012 0.979456 -0.198041 93.170113 0.333233 0.199265 0.921547 -1.975253 0.000000 0.000000 0.000000 1.000000
0.940862 -0.030952 -0.337373 0.499985 -0.038776 0.979436 -0.197996 93.151421 0.336563 0.199369 0.920314 -2.028894 0.000000 0.000000 0.000000 1.000000
0.939575 -0.030926 -0.340945 0.519462 -0.039572 0.979424 -0.197894 93.133881 0.340050 0.199428 0.919018 -2.072835 0.000000 0.000000 0.000000 1.000000
0.938289 -0.030761 -0.344481 0.543571 -0.040438 0.979447 -0.197606 93.113235 0.343479 0.199342 0.917761 -2.116366 0.000000 0.000000 0.000000 1.000000
0.936584 -0.029763 -0.349176 0.678475 -0.041938 0.979707 -0.195999 93.086205 0.347924 0.198213 0.916330 -2.080244 0.000000 0.000000 0.000000 1.000000
0.934813 -0.029153 -0.353942 0.861119 -0.043175 0.979904 -0.194743 93.031372 0.352507 0.197330 0.914768 -1.992289 0.000000 0.000000 0.000000 1.000000
0.932987 -0.028715 -0.358762 1.060464 -0.044279 0.980081 -0.193597 92.969490 0.357175 0.196509 0.913132 -1.885392 0.000000 0.000000 0.000000 1.000000
0.931029 -0.028767 -0.363810 1.295581 -0.045006 0.980229 -0.192681 92.900238 0.362160 0.195765 0.911326 -1.735620 0.000000 0.000000 0.000000 1.000000
0.928963 -0.028985 -0.369035 1.555239 -0.045637 0.980357 -0.191880 92.835472 0.367348 0.195091 0.909393 -1.556567 0.000000 0.000000 0.000000 1.000000
0.927259 -0.029653 -0.373244 1.888569 -0.046031 0.980269 -0.192236 92.785652 0.371580 0.195434 0.907598 -1.251357 0.000000 0.000000 0.000000 1.000000
0.925510 -0.030378 -0.377502 2.223192 -0.046415 0.980166 -0.192668 92.736389 0.375867 0.195838 0.905744 -0.943283 0.000000 0.000000 0.000000 1.000000
0.923728 -0.031144 -0.381780 2.559076 -0.046788 0.980053 -0.193153 92.687569 0.380180 0.196283 0.903845 -0.632647 0.000000 0.000000 0.000000 1.000000
0.921925 -0.031934 -0.386050 2.896188 -0.047154 0.979933 -0.193667 92.639061 0.384488 0.196750 0.901919 -0.319750 0.000000 0.000000 0.000000 1.000000
0.920113 -0.032732 -0.390284 3.234496 -0.047514 0.979813 -0.194189 92.590759 0.388761 0.197219 0.899983 -0.004893 0.000000 0.000000 0.000000 1.000000
0.918304 -0.033520 -0.394454 3.573968 -0.047870 0.979695 -0.194695 92.542542 0.392971 0.197671 0.898053 0.311621 0.000000 0.000000 0.000000 1.000000
0.916513 -0.034281 -0.398533 3.914572 -0.048224 0.979585 -0.195163 92.494293 0.397087 0.198088 0.896149 0.629492 0.000000 0.000000 0.000000 1.000000
0.914753 -0.034996 -0.402494 4.256274 -0.048578 0.979486 -0.195569 92.445900 0.401082 0.198450 0.894288 0.948418 0.000000 0.000000 0.000000 1.000000
0.913039 -0.035648 -0.406311 4.599044 -0.048935 0.979404 -0.195893 92.397240 0.404925 0.198740 0.892490 1.268098 0.000000 0.000000 0.000000 1.000000
0.911386 -0.036216 -0.409956 4.942849 -0.049296 0.979342 -0.196110 92.348198 0.408589 0.198941 0.890773 1.588229 0.000000 0.000000 0.000000 1.000000
0.909809 -0.036683 -0.413403 5.287655 -0.049664 0.979306 -0.196198 92.298660 0.412045 0.199034 0.889159 1.908512 0.000000 0.000000 0.000000 1.000000
0.911631 -0.033616 -0.409632 5.698806 -0.050265 0.980049 -0.192292 92.237572 0.407923 0.195890 0.891754 2.286517 0.000000 0.000000 0.000000 1.000000
0.914316 -0.031417 -0.403782 6.095911 -0.050485 0.980370 -0.190596 92.176598 0.401843 0.194649 0.894781 2.666413 0.000000 0.000000 0.000000 1.000000
0.917093 -0.029288 -0.397596 6.495609 -0.050672 0.980646 -0.189116 92.115646 0.395440 0.193584 0.897860 3.050412 0.000000 0.000000 0.000000 1.000000
0.919843 -0.027396 -0.391329 6.882432 -0.050772 0.980854 -0.188010 92.054688 0.388987 0.192809 0.900841 3.424379 0.000000 0.000000 0.000000 1.000000
0.922452 -0.025903 -0.385242 7.240908 -0.050732 0.980966 -0.187434 91.993690 0.382764 0.192443 0.903580 3.774183 0.000000 0.000000 0.000000 1.000000
0.924654 -0.025891 -0.379927 7.520977 -0.050176 0.980704 -0.188950 91.932648 0.377488 0.193777 0.905513 4.059782 0.000000 0.000000 0.000000 1.000000
0.926928 -0.026019 -0.374337 7.733683 -0.049498 0.980398 -0.190711 91.871429 0.371961 0.195304 0.907470 4.284582 0.000000 0.000000 0.000000 1.000000
0.929949 -0.024251 -0.366888 7.910393 -0.049301 0.980588 -0.189780 91.809486 0.364369 0.194574 0.910701 4.467118 0.000000 0.000000 0.000000 1.000000
0.932937 -0.022187 -0.359355 8.058596 -0.049232 0.980863 -0.188374 91.748314 0.356657 0.193433 0.913991 4.619842 0.000000 0.000000 0.000000 1.000000
0.934804 -0.021309 -0.354524 8.175908 -0.049153 0.980831 -0.188560 91.691971 0.351746 0.193692 0.915837 4.739944 0.000000 0.000000 0.000000 1.000000
0.936023 -0.022020 -0.351250 8.274828 -0.048715 0.980327 -0.191276 91.644836 0.348551 0.196150 0.916535 4.843237 0.000000 0.000000 0.000000 1.000000
0.937192 -0.023895 -0.347994 8.364686 -0.047838 0.979419 -0.196085 91.612694 0.345517 0.200417 0.916761 4.932261 0.000000 0.000000 0.000000 1.000000
0.937933 -0.025624 -0.345869 8.419239 -0.046960 0.978699 -0.199855 91.594322 0.343622 0.203693 0.916751 4.975978 0.000000 0.000000 0.000000 1.000000
0.937869 -0.026611 -0.345967 8.413158 -0.046268 0.978561 -0.200695 91.596191 0.343890 0.204233 0.916531 4.940728 0.000000 0.000000 0.000000 1.000000
0.937469 -0.027329 -0.346995 8.379652 -0.045643 0.978653 -0.200389 91.607063 0.345064 0.203696 0.916209 4.870675 0.000000 0.000000 0.000000 1.000000
0.936996 -0.027932 -0.348222 8.327317 -0.045072 0.978801 -0.199791 91.619865 0.346421 0.202898 0.915874 4.783556 0.000000 0.000000 0.000000 1.000000
0.936255 -0.028017 -0.350202 8.183710 -0.044765 0.979177 -0.198012 91.639877 0.348457 0.201067 0.915505 4.617018 0.000000 0.000000 0.000000 1.000000
0.936508 -0.027911 -0.349534 7.878613 -0.044518 0.979296 -0.197476 91.695572 0.347809 0.200498 0.915876 4.310353 0.000000 0.000000 0.000000 1.000000
0.936807 -0.027798 -0.348740 7.567287 -0.044277 0.979402 -0.197008 91.752831 0.347032 0.200000 0.916280 3.998084 0.000000 0.000000 0.000000 1.000000
0.937143 -0.027679 -0.347846 7.250507 -0.044040 0.979496 -0.196591 91.811363 0.346155 0.199553 0.916709 3.681004 0.000000 0.000000 0.000000 1.000000
0.937504 -0.027557 -0.346881 6.929043 -0.043803 0.979584 -0.196204 91.870888 0.345206 0.199136 0.917157 3.359905 0.000000 0.000000 0.000000 1.000000
0.937881 -0.027431 -0.345871 6.603666 -0.043564 0.979670 -0.195828 91.931129 0.344211 0.198731 0.917619 3.035579 0.000000 0.000000 0.000000 1.000000
0.938263 -0.027305 -0.344845 6.275147 -0.043320 0.979758 -0.195444 91.991791 0.343201 0.198316 0.918087 2.708818 0.000000 0.000000 0.000000 1.000000
0.938639 -0.027179 -0.343829 5.944259 -0.043069 0.979851 -0.195033 92.052574 0.342202 0.197874 0.918555 2.380415 0.000000 0.000000 0.000000 1.000000
0.939000 -0.027056 -0.342851 5.611773 -0.042807 0.979953 -0.194575 92.113220 0.341242 0.197382 0.919018 2.051161 0.000000 0.000000 0.000000 1.000000
0.939435 -0.026895 -0.341669 5.186453 -0.042366 0.980157 -0.193641 92.184135 0.340097 0.196388 0.919655 1.652285 0.000000 0.000000 0.000000 1.000000
0.939094 -0.026930 -0.342603 4.755289 -0.042211 0.980338 -0.192760 92.235359 0.341058 0.195481 0.919493 1.302370 0.000000 0.000000 0.000000 1.000000
0.938605 -0.026994 -0.343935 4.322976 -0.042119 0.980510 -0.191900 92.282921 0.342412 0.194604 0.919175 0.961682 0.000000 0.000000 0.000000 1.000000
0.938113 -0.026980 -0.345277 3.889827 -0.042175 0.980642 -0.191215 92.330933 0.343752 0.193943 0.918815 0.621745 0.000000 0.000000 0.000000 1.000000
0.937658 -0.026546 -0.346545 3.452604 -0.042998 0.980559 -0.191453 92.382561 0.344890 0.194418 0.918288 0.282733 0.000000 0.000000 0.000000 1.000000
0.937703 -0.025875 -0.346474 3.018084 -0.044033 0.980332 -0.192382 92.452515 0.344637 0.195653 0.918121 -0.077310 0.000000 0.000000 0.000000 1.000000
0.938493 -0.025469 -0.344359 2.605753 -0.044570 0.979998 -0.193951 92.544891 0.342411 0.197370 0.918586 -0.429521 0.000000 0.000000 0.000000 1.000000
0.939720 -0.025394 -0.341001 2.219186 -0.044570 0.979635 -0.195776 92.641273 0.339028 0.199173 0.919451 -0.758686 0.000000 0.000000 0.000000 1.000000
0.941975 -0.026105 -0.334666 1.872052 -0.043298 0.979195 -0.198251 92.745499 0.332878 0.201238 0.921247 -1.048568 0.000000 0.000000 0.000000 1.000000
0.943906 -0.026978 -0.329112 1.579634 -0.041808 0.978873 -0.200149 92.829544 0.327558 0.202682 0.922836 -1.281510 0.000000 0.000000 0.000000 1.000000
0.944646 -0.027581 -0.326929 1.339301 -0.040879 0.978801 -0.200693 92.875259 0.325534 0.202948 0.923493 -1.455863 0.000000 0.000000 0.000000 1.000000
0.945066 -0.028148 -0.325664 1.117133 -0.040051 0.978807 -0.200828 92.908813 0.324415 0.202840 0.923911 -1.609295 0.000000 0.000000 0.000000 1.000000
0.945291 -0.028673 -0.324965 0.910833 -0.039325 0.978851 -0.200760 92.936508 0.323849 0.202556 0.924171 -1.748888 0.000000 0.000000 0.000000 1.000000
0.945444 -0.029149 -0.324478 0.718103 -0.038698 0.978890 -0.200691 92.964645 0.323479 0.202298 0.924358 -1.881722 0.000000 0.000000 0.000000 1.000000
0.944703 -0.029218 -0.326622 0.646089 -0.038920 0.978993 -0.200146 92.981819 0.325608 0.201791 0.923721 -1.940578 0.000000 0.000000 0.000000 1.000000
0.943924 -0.029281 -0.328861 0.596091 -0.039182 0.979086 -0.199640 93.001572 0.327828 0.201330 0.923036 -1.990712 0.000000 0.000000 0.000000 1.000000</float_array>
        <technique_common>
          <accessor source="#mixamorig_Hips-Matrix-animation-output-transform-array" count="182" stride="16">
            <param type="float4x4"/>
          </accessor>
        </technique_common>
      </source>
      <source id="mixamorig_Hips-Interpolations">
        <Name_array id="mixamorig_Hips-Interpolations-array" count="182">
 LINEAR LINEAR LINEAR LINEAR LINEAR LINEAR LINEAR LINEAR LINEAR LINEAR LINEAR
LINEAR LINEAR LINEAR LINEAR LINEAR LINEAR LINEAR LINEAR LINEAR LINEAR LINEAR LINEAR
LINEAR LINEAR LINEAR LINEAR LINEAR LINEAR LINEAR LINEAR LINEAR LINEAR LINEAR LINEAR
LINEAR LINEAR LINEAR LINEAR LINEAR LINEAR LINEAR LINEAR LINEAR LINEAR LINEAR LINEAR
LINEAR LINEAR LINEAR LINEAR LINEAR LINEAR LINEAR LINEAR LINEAR LINEAR LINEAR LINEAR
LINEAR LINEAR LINEAR LINEAR LINEAR LINEAR LINEAR LINEAR LINEAR LINEAR LINEAR LINEAR
LINEAR LINEAR LINEAR LINEAR LINEAR LINEAR LINEAR LINEAR LINEAR LINEAR LINEAR LINEAR
LINEAR LINEAR LINEAR LINEAR LINEAR LINEAR LINEAR LINEAR LINEAR LINEAR LINEAR LINEAR
LINEAR LINEAR LINEAR LINEAR LINEAR LINEAR LINEAR LINEAR LINEAR LINEAR LINEAR LINEAR
LINEAR LINEAR LINEAR LINEAR LINEAR LINEAR LINEAR LINEAR LINEAR LINEAR LINEAR LINEAR
LINEAR LINEAR LINEAR LINEAR LINEAR LINEAR LINEAR LINEAR LINEAR LINEAR LINEAR LINEAR
LINEAR LINEAR LINEAR LINEAR LINEAR LINEAR LINEAR LINEAR LINEAR LINEAR LINEAR LINEAR
LINEAR LINEAR LINEAR LINEAR LINEAR LINEAR LINEAR LINEAR LINEAR LINEAR LINEAR LINEAR
LINEAR LINEAR LINEAR LINEAR LINEAR LINEAR LINEAR LINEAR LINEAR LINEAR LINEAR LINEAR
LINEAR LINEAR LINEAR LINEAR LINEAR LINEAR LINEAR LINEAR LINEAR LINEAR LINEAR LINEAR
LINEAR LINEAR LINEAR</Name_array>
        <technique_common>
          <accessor source="#mixamorig_Hips-Interpolations-array" count="182">
            <param type="name"/>
          </accessor>
        </technique_common>
      </source>
      <sampler id="mixamorig_Hips-Matrix-animation-transform">
        <input semantic="INPUT" source="#mixamorig_Hips-Matrix-animation-input"/>
        <input semantic="OUTPUT" source="#mixamorig_Hips-Matrix-animation-output-transform"/>
        <input semantic="INTERPOLATION" source="#mixamorig_Hips-Interpolations"/>
      </sampler>
      <channel source="#mixamorig_Hips-Matrix-animation-transform" target="mixamorig_Hips/matrix"/>
    </animation>
    <animation id="mixamorig_Spine-anim" name="mixamorig_Spine">
      <source id="mixamorig_Spine-Matrix-animation-input">
        <float_array id="mixamorig_Spine-Matrix-animation-input-array" count="182">

0.000000 0.033333 0.066667 0.100000 0.133333 0.166667 0.200000 0.233333 0.266667 0.300000 0.333333 0.366667 0.400000 0.433333 0.466667 0.500000
0.533333 0.566667 0.600000 0.633333 0.666667 0.700000 0.733333 0.766667 0.800000 0.833333 0.866667 0.900000 0.933333 0.966667 1.000000 1.033333
1.066667 1.100000 1.133333 1.166667 1.200000 1.233333 1.266667 1.300000 1.333333 1.366667 1.400000 1.433333 1.466667 1.500000 1.533333 1.566667
1.600000 1.633333 1.666667 1.700000 1.733333 1.766667 1.800000 1.833333 1.866667 1.900000 1.933333 1.966667 2.000000 2.033333 2.066667 2.100000
2.133333 2.166667 2.200000 2.233333 2.266667 2.300000 2.333333 2.366667 2.400000 2.433333 2.466667 2.500000 2.533333 2.566667 2.600000 2.633333
2.666667 2.700000 2.733333 2.766667 2.800000 2.833333 2.866667 2.900000 2.933333 2.966667 3.000000 3.033333 3.066667 3.100000 3.133333 3.166667
3.200000 3.233333 3.266667 3.300000 3.333333 3.366667 3.400000 3.433333 3.466667 3.500000 3.533333 3.566667 3.600000 3.633333 3.666667 3.700000
3.733333 3.766667 3.800000 3.833333 3.866667 3.900000 3.933333 3.966667 4.000000 4.033333 4.066667 4.100000 4.133333 4.166667 4.200000 4.233333
4.266667 4.300000 4.333333 4.366667 4.400000 4.433333 4.466667 4.500000 4.533333 4.566667 4.600000 4.633333 4.666667 4.700000 4.733333 4.766667
4.800000 4.833333 4.866667 4.900000 4.933333 4.966667 5.000000 5.033333 5.066667 5.100000 5.133333 5.166667 5.200000 5.233333 5.266667 5.300000
5.333333 5.366667 5.400000 5.433333 5.466667 5.500000 5.533333 5.566667 5.600000 5.633333 5.666667 5.700000 5.733333 5.766667 5.800000 5.833333
5.866667 5.900000 5.933333 5.966667 6.000000 6.033333</float_array>
        <technique_common>
          <accessor source="#mixamorig_Spine-Matrix-animation-input-array" count="182">
            <param name="TIME" type="float"/>
          </accessor>
        </technique_common>
      </source>
      <source id="mixamorig_Spine-Matrix-animation-output-transform">
        <float_array id="mixamorig_Spine-Matrix-animation-output-transform-array" count="2912">

0.999750 -0.019459 -0.011002 0.000000 0.018797 0.998177 -0.057354 11.384800 0.012098 0.057133 0.998293 -0.357600 0.000000 0.000000 0.000000 1.000000
0.999762 -0.019584 -0.009593 0.000000 0.019008 0.998199 -0.056896 11.384800 0.010690 0.056700 0.998334 -0.357600 0.000000 0.000000 0.000000 1.000000
0.999770 -0.019733 -0.008405 0.000000 0.019227 0.998218 -0.056491 11.384800 0.009505 0.056317 0.998368 -0.357600 0.000000 0.000000 0.000000 1.000000
0.999771 -0.019895 -0.007824 0.000000 0.019424 0.998229 -0.056226 11.384800 0.008928 0.056061 0.998387 -0.357600 0.000000 0.000000 0.000000 1.000000
0.999767 -0.020191 -0.007584 0.000000 0.019735 0.998233 -0.056057 11.384800 0.008703 0.055894 0.998399 -0.357600 0.000000 0.000000 0.000000 1.000000
0.999757 -0.020726 -0.007479 0.000000 0.020276 0.998228 -0.055951 11.384800 0.008626 0.055785 0.998406 -0.357600 0.000000 0.000000 0.000000 1.000000
0.999744 -0.021360 -0.007482 0.000000 0.020909 0.998218 -0.055883 11.384800 0.008662 0.055713 0.998409 -0.357600 0.000000 0.000000 0.000000 1.000000
0.999730 -0.021994 -0.007557 0.000000 0.021539 0.998207 -0.055843 11.384800 0.008771 0.055665 0.998411 -0.357600 0.000000 0.000000 0.000000 1.000000
0.999713 -0.022599 -0.007982 0.000000 0.022118 0.998189 -0.055935 11.384800 0.009232 0.055742 0.998403 -0.357600 0.000000 0.000000 0.000000 1.000000
0.999707 -0.022668 -0.008534 0.000000 0.022156 0.998187 -0.055966 11.384800 0.009787 0.055760 0.998396 -0.357600 0.000000 0.000000 0.000000 1.000000
0.999702 -0.022632 -0.009096 0.000000 0.022089 0.998188 -0.055975 11.384800 0.010346 0.055758 0.998391 -0.357600 0.000000 0.000000 0.000000 1.000000
0.999701 -0.022535 -0.009451 -0.000000 0.021973 0.998199 -0.055816 11.384800 0.010692 0.055592 0.998396 -0.357600 0.000000 0.000000 0.000000 1.000000
0.999707 -0.022369 -0.009285 -0.000000 0.021822 0.998232 -0.055283 11.384800 0.010505 0.055064 0.998428 -0.357600 0.000000 0.000000 0.000000 1.000000
0.999718 -0.022032 -0.008879 0.000000 0.021517 0.998283 -0.054472 11.384800 0.010064 0.054266 0.998476 -0.357600 0.000000 0.000000 0.000000 1.000000
0.999731 -0.021554 -0.008559 0.000000 0.021066 0.998342 -0.053576 11.384800 0.009700 0.053381 0.998527 -0.357600 0.000000 0.000000 0.000000 1.000000
0.999745 -0.021041 -0.008213 0.000000 0.020581 0.998403 -0.052614 11.384800 0.009307 0.052432 0.998581 -0.357600 0.000000 0.000000 0.000000 1.000000
0.999759 -0.020506 -0.007865 -0.000000 0.020073 0.998464 -0.051633 11.384800 0.008912 0.051463 0.998635 -0.357600 0.000000 0.000000 0.000000 1.000000
0.999772 -0.019962 -0.007537 0.000000 0.019555 0.998524 -0.050679 11.384800 0.008538 0.050520 0.998687 -0.357600 0.000000 0.000000 0.000000 1.000000
0.999785 -0.019423 -0.007253 -0.000000 0.019038 0.998578 -0.049800 11.384800 0.008210 0.049651 0.998733 -0.357600 0.000000 0.000000 0.000000 1.000000
0.999797 -0.018901 -0.007037 0.000000 0.018534 0.998625 -0.049042 11.384800 0.007954 0.048901 0.998772 -0.357600 0.000000 0.000000 0.000000 1.000000
0.999800 -0.018462 -0.007671 -0.000000 0.018058 0.998601 -0.049691 11.384800 0.008578 0.049542 0.998735 -0.357600 0.000000 0.000000 0.000000 1.000000
0.999786 -0.018698 -0.008843 -0.000000 0.018229 0.998561 -0.050427 11.384800 0.009773 0.050255 0.998689 -0.357600 0.000000 0.000000 0.000000 1.000000
0.999768 -0.019028 -0.010105 0.000000 0.018487 0.998519 -0.051172 11.384800 0.011064 0.050973 0.998639 -0.357600 0.000000 0.000000 0.000000 1.000000
0.999747 -0.019387 -0.011377 0.000000 0.018771 0.998475 -0.051924 11.384800 0.012367 0.051697 0.998586 -0.357600 0.000000 0.000000 0.000000 1.000000
0.999727 -0.019707 -0.012580 0.000000 0.019018 0.998430 -0.052679 11.384800 0.013598 0.052425 0.998532 -0.357600 0.000000 0.000000 0.000000 1.000000
0.999709 -0.019922 -0.013634 0.000000 0.019167 0.998387 -0.053435 11.384800 0.014676 0.053158 0.998478 -0.357600 0.000000 0.000000 0.000000 1.000000
0.999702 -0.019848 -0.014225 0.000000 0.019051 0.998351 -0.054154 11.384800 0.015276 0.053867 0.998431 -0.357600 0.000000 0.000000 0.000000 1.000000
0.999708 -0.019425 -0.014347 -0.000000 0.018609 0.998315 -0.054971 11.384800 0.015391 0.054688 0.998385 -0.357600 0.000000 0.000000 0.000000 1.000000
0.999723 -0.018741 -0.014253 -0.000000 0.017914 0.998266 -0.056078 11.384800 0.015279 0.055807 0.998325 -0.357600 0.000000 0.000000 0.000000 1.000000
0.999741 -0.017919 -0.014010 0.000000 0.017089 0.998213 -0.057268 11.384800 0.015011 0.057014 0.998261 -0.357600 0.000000 0.000000 0.000000 1.000000
0.999759 -0.017136 -0.013721 0.000000 0.016310 0.998172 -0.058196 11.384800 0.014693 0.057958 0.998211 -0.357600 0.000000 0.000000 0.000000 1.000000
0.999774 -0.016613 -0.013229 0.000000 0.015823 0.998208 -0.057702 11.384800 0.014164 0.057479 0.998246 -0.357600 0.000000 0.000000 0.000000 1.000000
0.999780 -0.016594 -0.012799 0.000000 0.015845 0.998274 -0.056544 11.384800 0.013715 0.056329 0.998318 -0.357600 0.000000 0.000000 0.000000 1.000000
0.999779 -0.016928 -0.012486 0.000000 0.016211 0.998329 -0.055466 11.384800 0.013404 0.055252 0.998382 -0.357600 0.000000 0.000000 0.000000 1.000000
0.999777 -0.017189 -0.012254 0.000000 0.016489 0.998342 -0.055140 11.384800 0.013182 0.054926 0.998403 -0.357600 0.000000 0.000000 0.000000 1.000000
0.999784 -0.016937 -0.012055 0.000000 0.016240 0.998312 -0.055770 11.384800 0.012980 0.055562 0.998371 -0.357600 0.000000 0.000000 0.000000 1.000000
