<?xml version="1.0" encoding="utf-8"?>
<COLLADA xmlns="http://www.collada.org/2005/11/COLLADASchema" version="1.4.1">
  <asset>
    <contributor>
      <author>Mixamo</author>
      <authoring_tool>COLLADA Mixamo exporter</authoring_tool>
      <comments/>
    </contributor>
    <created>2024-03-16T23:58:36Z</created>
    <modified>2024-03-16T23:58:36Z</modified>
    <revision/>
    <title/>
    <unit meter="0.010000"/>
    <up_axis>Y_UP</up_axis>
  </asset>
  <library_animations>
    <animation id="mixamorig9_Hips-anim" name="mixamorig9_Hips">
      <source id="mixamorig9_Hips-Matrix-animation-input">
        <float_array id="mixamorig9_Hips-Matrix-animation-input-array" count="104">

0.000000 0.033333 0.066667 0.100000 0.133333 0.166667 0.200000 0.233333 0.266667 0.300000 0.333333 0.366667 0.400000 0.433333 0.466667 0.500000
0.533333 0.566667 0.600000 0.633333 0.666667 0.700000 0.733333 0.766667 0.800000 0.833333 0.866667 0.900000 0.933333 0.966667 1.000000 1.033333
1.066667 1.100000 1.133333 1.166667 1.200000 1.233333 1.266667 1.300000 1.333333 1.366667 1.400000 1.433333 1.466667 1.500000 1.533333 1.566667
1.600000 1.633333 1.666667 1.700000 1.733333 1.766667 1.800000 1.833333 1.866667 1.900000 1.933333 1.966667 2.000000 2.033333 2.066667 2.100000
2.133333 2.166667 2.200000 2.233333 2.266667 2.300000 2.333333 2.366667 2.400000 2.433333 2.466667 2.500000 2.533333 2.566667 2.600000 2.633333
2.666667 2.700000 2.733333 2.766667 2.800000 2.833333 2.866667 2.900000 2.933333 2.966667 3.000000 3.033333 3.066667 3.100000 3.133333 3.166667
3.200000 3.233333 3.266667 3.300000 3.333333 3.366667 3.400000 3.433333</float_array>
        <technique_common>
          <accessor source="#mixamorig9_Hips-Matrix-animation-input-array" count="104">
            <param name="TIME" type="float"/>
          </accessor>
        </technique_common>
      </source>
      <source id="mixamorig9_Hips-Matrix-animation-output-transform">
        <float_array id="mixamorig9_Hips-Matrix-animation-output-transform-array" count="1664">

0.939536 0.067628 0.335706 -66.377602 0.052041 0.940725 -0.335154 86.795441 -0.338472 0.332360 0.880326 -6.250846 0.000000 0.000000 0.000000 1.000000
0.920895 0.099805 0.376817 -66.847656 0.030322 0.945398 -0.324505 87.322525 -0.388629 0.310261 0.867586 -7.620918 0.000000 0.000000 0.000000 1.000000
0.900487 0.127950 0.415635 -67.237572 0.009324 0.949839 -0.312601 87.570015 -0.434784 0.285369 0.854124 -9.065720 0.000000 0.000000 0.000000 1.000000
0.879420 0.150708 0.451561 -67.613396 -0.009933 0.954168 -0.299107 87.559189 -0.475942 0.258556 0.840612 -10.590621 0.000000 0.000000 0.000000 1.000000
0.859849 0.165194 0.483085 -68.043869 -0.024743 0.958579 -0.283751 87.272217 -0.509949 0.232030 0.828320 -12.202214 0.000000 0.000000 0.000000 1.000000
0.843366 0.169233 0.509994 -68.506432 -0.032271 0.963348 -0.266305 86.671959 -0.536370 0.208134 0.817917 -14.028332 0.000000 0.000000 0.000000 1.000000
0.830380 0.162532 0.532966 -68.898323 -0.033805 0.969444 -0.242970 85.737320 -0.556172 0.183741 0.810501 -16.263332 0.000000 0.000000 0.000000 1.000000
0.821874 0.144552 0.551025 -69.206245 -0.032632 0.977628 -0.207793 84.513931 -0.568735 0.152799 0.808204 -18.919893 0.000000 0.000000 0.000000 1.000000
0.818983 0.116784 0.561808 -69.501076 -0.031662 0.986776 -0.158968 83.083229 -0.572943 0.112404 0.811851 -21.637907 0.000000 0.000000 0.000000 1.000000
0.825757 0.083308 0.557839 -69.750847 -0.032828 0.994454 -0.099919 81.556351 -0.563069 0.064196 0.823913 -23.958986 0.000000 0.000000 0.000000 1.000000
0.840586 0.058998 0.538456 -69.753021 -0.039462 0.998079 -0.047754 80.099335 -0.540239 0.018893 0.841299 -25.630983 0.000000 0.000000 0.000000 1.000000
0.855970 0.050931 0.514511 -69.404312 -0.051924 0.998573 -0.012464 78.864670 -0.514412 -0.016047 0.857393 -26.717812 0.000000 0.000000 0.000000 1.000000
0.867375 0.057872 0.494278 -68.602448 -0.067714 0.997703 0.002013 78.057610 -0.493026 -0.035216 0.869301 -27.028265 0.000000 0.000000 0.000000 1.000000
0.874193 0.076017 0.479592 -67.771088 -0.084230 0.996437 -0.004404 77.728004 -0.478218 -0.036546 0.877481 -26.788898 0.000000 0.000000 0.000000 1.000000
0.877084 0.103817 0.468983 -66.068306 -0.101156 0.994389 -0.030944 77.780968 -0.469564 -0.020300 0.882665 -25.174955 0.000000 0.000000 0.000000 1.000000
0.876555 0.138918 0.460818 -64.302299 -0.117336 0.990232 -0.075321 78.273903 -0.466780 0.011952 0.884293 -22.762838 0.000000 0.000000 0.000000 1.000000
0.874052 0.175563 0.453001 -61.505970 -0.129247 0.982850 -0.131530 79.033516 -0.468324 0.056415 0.881754 -19.223959 0.000000 0.000000 0.000000 1.000000
0.872344 0.203923 0.444332 -58.254112 -0.130662 0.973041 -0.190047 79.924377 -0.471108 0.107729 0.875472 -15.233608 0.000000 0.000000 0.000000 1.000000
0.873932 0.216106 0.435364 -54.785103 -0.118204 0.963326 -0.240897 80.796204 -0.471456 0.159066 0.867426 -11.247710 0.000000 0.000000 0.000000 1.000000
0.879342 0.211108 0.426838 -51.198856 -0.095261 0.956227 -0.276686 81.514343 -0.466565 0.202640 0.860961 -7.287185 0.000000 0.000000 0.000000 1.000000
0.887328 0.194858 0.417947 -47.561504 -0.071016 0.953266 -0.293667 82.114914 -0.455638 0.230898 0.859698 -4.129772 0.000000 0.000000 0.000000 1.000000
0.896758 0.175452 0.406253 -44.712738 -0.054208 0.954682 -0.292649 82.608612 -0.439188 0.240413 0.865630 -0.734494 0.000000 0.000000 0.000000 1.000000
0.906389 0.157452 0.392006 -41.656811 -0.045305 0.958823 -0.280366 83.296227 -0.420009 0.236361 0.876200 1.310889 0.000000 0.000000 0.000000 1.000000
0.914410 0.141335 0.379314 -39.142948 -0.038313 0.963077 -0.266487 83.982430 -0.402973 0.229146 0.886062 3.491407 0.000000 0.000000 0.000000 1.000000
0.918803 0.125344 0.374286 -36.829964 -0.027398 0.966205 -0.256315 84.545555 -0.393764 0.225249 0.891186 5.450594 0.000000 0.000000 0.000000 1.000000
0.919602 0.108993 0.377428 -34.693760 -0.013313 0.968837 -0.247340 84.955887 -0.392625 0.222430 0.892396 6.721324 0.000000 0.000000 0.000000 1.000000
0.920312 0.091879 0.380243 -32.697834 -0.000216 0.972146 -0.234378 85.120819 -0.391186 0.215618 0.894697 7.997466 0.000000 0.000000 0.000000 1.000000
0.925188 0.073538 0.372316 -30.784225 0.009744 0.976120 -0.217013 85.138077 -0.379384 0.204405 0.902378 8.735250 0.000000 0.000000 0.000000 1.000000
0.934064 0.057300 0.352478 -28.941517 0.015782 0.979455 -0.201045 84.864578 -0.356756 0.193352 0.913970 9.500568 0.000000 0.000000 0.000000 1.000000
0.941714 0.047427 0.333055 -26.820265 0.018846 0.981021 -0.192984 84.300415 -0.335887 0.188012 0.922947 9.893967 0.000000 0.000000 0.000000 1.000000
0.943215 0.046177 0.328957 -24.389982 0.019621 0.980817 -0.193939 83.408287 -0.331602 0.189381 0.924216 10.354637 0.000000 0.000000 0.000000 1.000000
0.937417 0.053452 0.344081 -21.422897 0.017061 0.979910 -0.198707 82.385178 -0.347790 0.192142 0.917673 10.124809 0.000000 0.000000 0.000000 1.000000
0.926900 0.069310 0.368853 -18.072615 0.006262 0.979806 -0.199850 81.180588 -0.375256 0.187551 0.907749 10.795367 0.000000 0.000000 0.000000 1.000000
0.916368 0.090738 0.389919 -14.018332 -0.014540 0.980876 -0.194087 80.171631 -0.400073 0.172186 0.900163 10.742945 0.000000 0.000000 0.000000 1.000000
0.910872 0.113092 0.396892 -9.374769 -0.040090 0.981419 -0.187641 79.615509 -0.410738 0.155006 0.898481 10.225123 0.000000 0.000000 0.000000 1.000000
0.914475 0.133692 0.381919 -4.169156 -0.062084 0.979024 -0.194057 79.568039 -0.399852 0.153749 0.903593 9.589793 0.000000 0.000000 0.000000 1.000000
0.928022 0.149510 0.341206 2.151924 -0.075007 0.972163 -0.221977 79.836105 -0.364895 0.180407 0.913403 8.141547 0.000000 0.000000 0.000000 1.000000
0.946650 0.155953 0.282016 8.621189 -0.080075 0.961492 -0.262909 79.987061 -0.312158 0.226301 0.922684 6.601104 0.000000 0.000000 0.000000 1.000000
0.962422 0.152235 0.224872 14.792986 -0.081945 0.952294 -0.293973 79.717850 -0.258898 0.264499 0.928984 5.491044 0.000000 0.000000 0.000000 1.000000
0.971514 0.143418 0.188661 20.545067 -0.082645 0.951147 -0.297471 79.273705 -0.222107 0.273406 0.935905 4.321985 0.000000 0.000000 0.000000 1.000000
0.975715 0.136660 0.171183 25.873766 -0.085295 0.956867 -0.277724 78.981819 -0.201753 0.256379 0.945286 2.823231 0.000000 0.000000 0.000000 1.000000
0.978657 0.133577 0.156168 30.331274 -0.090451 0.962353 -0.256310 78.837601 -0.184526 0.236714 0.953896 1.720159 0.000000 0.000000 0.000000 1.000000
0.982038 0.135938 0.130849 34.545547 -0.099900 0.962922 -0.250603 78.913933 -0.160064 0.233030 0.959206 0.856693 0.000000 0.000000 0.000000 1.000000
0.985897 0.138436 0.094034 38.104195 -0.109765 0.959056 -0.261081 79.160149 -0.126327 0.247077 0.960726 -0.108300 0.000000 0.000000 0.000000 1.000000
0.989096 0.138882 0.048995 40.812214 -0.120101 0.953211 -0.277425 79.595032 -0.085232 0.268515 0.959497 -0.938937 0.000000 0.000000 0.000000 1.000000
0.991227 0.132167 -0.000097 43.329777 -0.126514 0.948614 -0.290043 80.161972 -0.038242 0.287511 0.957014 -1.854865 0.000000 0.000000 0.000000 1.000000
0.992031 0.115362 -0.050663 45.294510 -0.125227 0.947122 -0.295428 80.880707 0.013903 0.299418 0.954021 -2.762781 0.000000 0.000000 0.000000 1.000000
0.990783 0.089921 -0.101304 47.018635 -0.116380 0.947775 -0.296947 81.719177 0.069312 0.306000 0.949505 -3.928303 0.000000 0.000000 0.000000 1.000000
0.986687 0.061526 -0.150543 48.569939 -0.105153 0.947506 -0.301951 82.550507 0.124063 0.313761 0.941362 -5.363030 0.000000 0.000000 0.000000 1.000000
0.979882 0.034460 -0.196582 49.940632 -0.096439 0.944109 -0.315212 83.219040 0.174733 0.327828 0.928438 -6.900388 0.000000 0.000000 0.000000 1.000000
0.971225 0.008328 -0.238019 51.164707 -0.090070 0.938007 -0.334708 83.682701 0.220476 0.346515 0.911766 -8.661927 0.000000 0.000000 0.000000 1.000000
0.961536 -0.019956 -0.273952 52.433578 -0.081747 0.931374 -0.354768 83.947975 0.262232 0.363517 0.893918 -10.733962 0.000000 0.000000 0.000000 1.000000
0.951014 -0.052269 -0.304698 53.994930 -0.068007 0.926089 -0.371126 84.065964 0.301575 0.373668 0.877168 -12.883665 0.000000 0.000000 0.000000 1.000000
0.939694 -0.085942 -0.331043 55.528599 -0.049993 0.923004 -0.381530 84.062035 0.338344 0.375071 0.863044 -15.228971 0.000000 0.000000 0.000000 1.000000
0.927632 -0.118492 -0.354202 57.467381 -0.028807 0.922819 -0.384155 83.670807 0.372383 0.366558 0.852623 -17.649508 0.000000 0.000000 0.000000 1.000000
0.919055 -0.136062 -0.369899 59.107208 -0.015271 0.925522 -0.378385 83.192459 0.393834 0.353405 0.848528 -20.307713 0.000000 0.000000 0.000000 1.000000
0.914398 -0.144639 -0.378095 61.159527 -0.003478 0.931150 -0.364620 82.299438 0.404801 0.334723 0.850939 -23.019604 0.000000 0.000000 0.000000 1.000000
0.912399 -0.150002 -0.380824 63.083000 0.011771 0.939656 -0.341918 80.756851 0.409132 0.307483 0.859107 -25.955330 0.000000 0.000000 0.000000 1.000000
0.913099 -0.146982 -0.380325 65.019821 0.024927 0.951144 -0.307738 78.937012 0.406976 0.271515 0.872153 -29.021828 0.000000 0.000000 0.000000 1.000000
0.916434 -0.131932 -0.377812 66.973557 0.030201 0.964202 -0.263444 77.014542 0.399044 0.230019 0.887612 -31.936424 0.000000 0.000000 0.000000 1.000000
0.921721 -0.107405 -0.372685 68.616676 0.025507 0.975598 -0.218077 75.173767 0.387013 0.191500 0.901969 -34.333710 0.000000 0.000000 0.000000 1.000000
0.926992 -0.082469 -0.365903 69.620216 0.015012 0.982905 -0.183498 73.635284 0.374781 0.164608 0.912383 -36.066727 0.000000 0.000000 0.000000 1.000000
0.929912 -0.067185 -0.361594 69.823776 0.006384 0.985974 -0.166779 72.582397 0.367727 0.152782 0.917298 -36.880142 0.000000 0.000000 0.000000 1.000000
0.928954 -0.068540 -0.363794 69.432457 0.006504 0.985581 -0.169079 72.240822 0.370138 0.154701 0.916005 -36.762806 0.000000 0.000000 0.000000 1.000000
0.924063 -0.088584 -0.371833 68.377182 0.017917 0.981744 -0.189359 72.719521 0.381819 0.168317 0.908781 -35.657379 0.000000 0.000000 0.000000 1.000000
0.916673 -0.121481 -0.380726 66.349945 0.035517 0.973674 -0.225162 73.903259 0.398056 0.192878 0.896855 -33.820667 0.000000 0.000000 0.000000 1.000000
0.909521 -0.154593 -0.385839 63.918510 0.048983 0.961658 -0.269841 75.450356 0.412761 0.226527 0.882221 -30.932957 0.000000 0.000000 0.000000 1.000000
0.905392 -0.175786 -0.386478 60.932480 0.050758 0.948551 -0.312530 77.120605 0.421532 0.263345 0.867733 -27.863644 0.000000 0.000000 0.000000 1.000000
0.905574 -0.180663 -0.383792 57.558193 0.042005 0.938514 -0.342676 78.598366 0.422103 0.294197 0.857483 -24.563007 0.000000 0.000000 0.000000 1.000000
0.909414 -0.172793 -0.378298 54.519917 0.029977 0.934473 -0.354770 79.831787 0.414811 0.311292 0.855002 -21.515938 0.000000 0.000000 0.000000 1.000000
0.917840 -0.152446 -0.366509 51.424923 0.015750 0.936573 -0.350117 80.727036 0.396637 0.315579 0.862026 -18.350077 0.000000 0.000000 0.000000 1.000000
0.928032 -0.128176 -0.349754 48.485542 0.003335 0.941756 -0.336282 81.507133 0.372486 0.310914 0.874407 -15.580161 0.000000 0.000000 0.000000 1.000000
0.938494 -0.102048 -0.329872 45.925385 -0.010741 0.946241 -0.323284 82.161591 0.345129 0.306944 0.886945 -13.060141 0.000000 0.000000 0.000000 1.000000
0.947072 -0.075652 -0.311978 43.573559 -0.028769 0.947924 -0.317196 82.656693 0.319728 0.309383 0.895576 -10.909968 0.000000 0.000000 0.000000 1.000000
0.952447 -0.048871 -0.300758 41.511604 -0.051100 0.947455 -0.315781 82.982620 0.300387 0.316134 0.899904 -9.252754 0.000000 0.000000 0.000000 1.000000
0.954757 -0.020452 -0.296682 39.645039 -0.076707 0.946938 -0.312130 83.143860 0.287323 0.320766 0.902527 -7.937186 0.000000 0.000000 0.000000 1.000000
0.955237 0.010604 -0.295651 37.692329 -0.104235 0.947336 -0.302803 83.295799 0.276870 0.320066 0.906036 -6.921909 0.000000 0.000000 0.000000 1.000000
0.955710 0.042138 -0.291278 35.797012 -0.130559 0.947687 -0.291279 83.358368 0.263766 0.316407 0.911216 -5.895529 0.000000 0.000000 0.000000 1.000000
0.957897 0.069201 -0.278649 33.789379 -0.151032 0.946839 -0.284050 83.265511 0.244180 0.314176 0.917426 -4.986045 0.000000 0.000000 0.000000 1.000000
0.962566 0.086477 -0.256883 31.914185 -0.160953 0.944914 -0.285010 82.897636 0.218086 0.315687 0.923461 -4.272505 0.000000 0.000000 0.000000 1.000000
0.968997 0.090316 -0.229975 29.521732 -0.157381 0.943156 -0.292724 82.103149 0.190465 0.319842 0.928129 -3.659639 0.000000 0.000000 0.000000 1.000000
0.974997 0.082343 -0.206399 26.440109 -0.143334 0.942805 -0.300955 80.932854 0.169813 0.323014 0.931035 -3.025065 0.000000 0.000000 0.000000 1.000000
0.978271 0.069381 -0.195377 22.853939 -0.127317 0.944772 -0.301988 79.645332 0.163635 0.320300 0.933076 -2.253050 0.000000 0.000000 0.000000 1.000000
0.977624 0.059899 -0.201650 19.021847 -0.118110 0.949540 -0.290557 78.484169 0.174071 0.307873 0.935368 -1.401413 0.000000 0.000000 0.000000 1.000000
0.975194 0.050362 -0.215548 14.497981 -0.108488 0.957543 -0.267099 77.282150 0.192945 0.283858 0.939254 -0.480537 0.000000 0.000000 0.000000 1.000000
0.974087 0.033728 -0.223645 9.420178 -0.088258 0.967109 -0.238558 76.215660 0.208243 0.252115 0.945025 0.300047 0.000000 0.000000 0.000000 1.000000
0.976623 0.001982 -0.214951 3.721597 -0.050197 0.974414 -0.219084 75.472015 0.209017 0.224753 0.951734 0.783903 0.000000 0.000000 0.000000 1.000000
0.981521 -0.041574 -0.186786 -2.718665 -0.001107 0.974864 -0.222798 75.321747 0.191353 0.218887 0.956803 0.803146 0.000000 0.000000 0.000000 1.000000
0.986577 -0.080327 -0.142170 -10.030059 0.042702 0.967257 -0.250181 75.714783 0.157612 0.240752 0.957704 1.106722 0.000000 0.000000 0.000000 1.000000
0.991219 -0.100674 -0.085726 -17.376932 0.072408 0.955742 -0.285156 76.539391 0.110640 0.276445 0.954640 1.338563 0.000000 0.000000 0.000000 1.000000
0.994232 -0.103882 -0.026679 -24.326115 0.090480 0.945950 -0.311434 77.575745 0.057589 0.307224 0.949893 1.090588 0.000000 0.000000 0.000000 1.000000
0.994587 -0.101770 0.020989 -31.253374 0.103017 0.939250 -0.327410 78.365265 0.013606 0.327800 0.944649 0.880140 0.000000 0.000000 0.000000 1.000000
0.993995 -0.099997 0.044435 -37.298038 0.109175 0.933732 -0.340917 79.120216 -0.007399 0.343721 0.939043 0.536886 0.000000 0.000000 0.000000 1.000000
0.993967 -0.099247 0.046697 -42.802925 0.109382 0.928474 -0.354925 79.836189 -0.008132 0.357891 0.933728 0.074716 0.000000 0.000000 0.000000 1.000000
0.994174 -0.097702 0.045514 -47.711529 0.107596 0.924487 -0.365713 80.636147 -0.006346 0.368480 0.929614 -0.382476 0.000000 0.000000 0.000000 1.000000
0.993952 -0.093701 0.057260 -51.777752 0.108334 0.921985 -0.371763 81.543716 -0.017958 0.375718 0.926560 -0.739752 0.000000 0.000000 0.000000 1.000000
0.992743 -0.087094 0.082927 -54.985493 0.112153 0.919384 -0.377035 82.563148 -0.043404 0.383599 0.922479 -0.939441 0.000000 0.000000 0.000000 1.000000
0.990907 -0.076984 0.110349 -57.565895 0.113611 0.918114 -0.379683 83.520668 -0.072083 0.388768 0.918512 -1.103157 0.000000 0.000000 0.000000 1.000000
0.988379 -0.063371 0.138172 -59.770477 0.111667 0.919415 -0.377103 84.279701 -0.103140 0.388150 0.915807 -1.453040 0.000000 0.000000 0.000000 1.000000
0.984296 -0.045150 0.170654 -61.746891 0.106702 0.922314 -0.371417 84.826508 -0.140627 0.383794 0.912648 -2.051189 0.000000 0.000000 0.000000 1.000000
0.977604 -0.022975 0.209194 -63.458309 0.099570 0.926224 -0.363587 85.234810 -0.185407 0.376274 0.907768 -2.865873 0.000000 0.000000 0.000000 1.000000
0.967906 0.003884 0.251284 -64.809219 0.088330 0.930828 -0.354623 85.648453 -0.235280 0.365438 0.900610 -3.856533 0.000000 0.000000 0.000000 1.000000
0.955299 0.034538 0.293617 -65.750893 0.072242 0.935775 -0.345118 86.172234 -0.286679 0.350902 0.891450 -4.994239 0.000000 0.000000 0.000000 1.000000
0.939536 0.067628 0.335706 -66.377579 0.052041 0.940725 -0.335154 86.795441 -0.338472 0.332360 0.880326 -6.250839 0.000000 0.000000 0.000000 1.000000</float_array>
        <technique_common>
          <accessor source="#mixamorig9_Hips-Matrix-animation-output-transform-array" count="104" stride="16">
            <param type="float4x4"/>
          </accessor>
        </technique_common>
      </source>
      <source id="mixamorig9_Hips-Interpolations">
        <Name_array id="mixamorig9_Hips-Interpolations-array" count="104">
 LINEAR LINEAR LINEAR LINEAR LINEAR LINEAR LINEAR LINEAR LINEAR LINEAR LINEAR
LINEAR LINEAR LINEAR LINEAR LINEAR LINEAR LINEAR LINEAR LINEAR LINEAR LINEAR LINEAR
LINEAR LINEAR LINEAR LINEAR LINEAR LINEAR LINEAR LINEAR LINEAR LINEAR LINEAR LINEAR
LINEAR LINEAR LINEAR LINEAR LINEAR LINEAR LINEAR LINEAR LINEAR LINEAR LINEAR LINEAR
LINEAR LINEAR LINEAR LINEAR LINEAR LINEAR LINEAR LINEAR LINEAR LINEAR LINEAR LINEAR
LINEAR LINEAR LINEAR LINEAR LINEAR LINEAR LINEAR LINEAR LINEAR LINEAR LINEAR LINEAR
LINEAR LINEAR LINEAR LINEAR LINEAR LINEAR LINEAR LINEAR LINEAR LINEAR LINEAR LINEAR
LINEAR LINEAR LINEAR LINEAR LINEAR LINEAR LINEAR LINEAR LINEAR LINEAR LINEAR LINEAR
LINEAR LINEAR LINEAR LINEAR LINEAR LINEAR LINEAR LINEAR LINEAR</Name_array>
        <technique_common>
          <accessor source="#mixamorig9_Hips-Interpolations-array" count="104">
            <param type="name"/>
          </accessor>
        </technique_common>
      </source>
      <sampler id="mixamorig9_Hips-Matrix-animation-transform">
        <input semantic="INPUT" source="#mixamorig9_Hips-Matrix-animation-input"/>
        <input semantic="OUTPUT" source="#mixamorig9_Hips-Matrix-animation-output-transform"/>
        <input semantic="INTERPOLATION" source="#mixamorig9_Hips-Interpolations"/>
      </sampler>
      <channel source="#mixamorig9_Hips-Matrix-animation-transform" target="mixamorig9_Hips/matrix"/>
    </animation>
    <animation id="mixamorig9_Spine-anim" name="mixamorig9_Spine">
      <source id="mixamorig9_Spine-Matrix-animation-input">
        <float_array id="mixamorig9_Spine-Matrix-animation-input-array" count="104">

0.000000 0.033333 0.066667 0.100000 0.133333 0.166667 0.200000 0.233333 0.266667 0.300000 0.333333 0.366667 0.400000 0.433333 0.466667 0.500000
0.533333 0.566667 0.600000 0.633333 0.666667 0.700000 0.733333 0.766667 0.800000 0.833333 0.866667 0.900000 0.933333 0.966667 1.000000 1.033333
1.066667 1.100000 1.133333 1.166667 1.200000 1.233333 1.266667 1.300000 1.333333 1.366667 1.400000 1.433333 1.466667 1.500000 1.533333 1.566667
1.600000 1.633333 1.666667 1.700000 1.733333 1.766667 1.800000 1.833333 1.866667 1.900000 1.933333 1.966667 2.000000 2.033333 2.066667 2.100000
2.133333 2.166667 2.200000 2.233333 2.266667 2.300000 2.333333 2.366667 2.400000 2.433333 2.466667 2.500000 2.533333 2.566667 2.600000 2.633333
2.666667 2.700000 2.733333 2.766667 2.800000 2.833333 2.866667 2.900000 2.933333 2.966667 3.000000 3.033333 3.066667 3.100000 3.133333 3.166667
3.200000 3.233333 3.266667 3.300000 3.333333 3.366667 3.400000 3.433333</float_array>
        <technique_common>
          <accessor source="#mixamorig9_Spine-Matrix-animation-input-array" count="104">
            <param name="TIME" type="float"/>
          </accessor>
        </technique_common>
      </source>
      <source id="mixamorig9_Spine-Matrix-animation-output-transform">
        <float_array id="mixamorig9_Spine-Matrix-animation-output-transform-array" count="1664">

0.968767 -0.130867 -0.210629 -0.000000 0.072114 0.961374 -0.265631 10.547000 0.237256 0.242145 0.940784 -1.004700 0.000000 0.000000 0.000000 1.000000
0.961280 -0.147942 -0.232497 0.000000 0.090546 0.966400 -0.240566 10.547000 0.260275 0.210199 0.942376 -1.004700 0.000000 0.000000 0.000000 1.000000
0.952132 -0.161190 -0.259735 0.000000 0.106238 0.971199 -0.213275 10.547000 0.286632 0.175472 0.941834 -1.004700 0.000000 0.000000 0.000000 1.000000
0.941540 -0.168504 -0.291734 0.000000 0.117092 0.975622 -0.185610 10.547000 0.315898 0.140599 0.938318 -1.004700 0.000000 0.000000 0.000000 1.000000
0.932826 -0.166988 -0.319298 0.000000 0.117502 0.978665 -0.168547 10.547000 0.340631 0.119707 0.932545 -1.004700 0.000000 0.000000 0.000000 1.000000
0.929638 -0.158949 -0.332428 -0.000000 0.106225 0.979480 -0.171276 10.547000 0.352831 0.123912 0.927446 -1.004700 0.000000 0.000000 0.000000 1.000000
0.930478 -0.151012 -0.333776 -0.000000 0.088734 0.976861 -0.194599 10.547000 0.355440 0.151453 0.922347 -1.004700 0.000000 0.000000 0.000000 1.000000
0.934343 -0.142651 -0.326581 -0.000000 0.064131 0.968735 -0.239666 10.547000 0.350559 0.202987 0.914278 -1.004700 0.000000 0.000000 0.000000 1.000000
0.941549 -0.126865 -0.312076 0.000000 0.028764 0.953272 -0.300741 10.547000 0.335646 0.274186 0.901201 -1.004700 0.000000 0.000000 0.000000 1.000000
0.951917 -0.102514 -0.288696 0.000000 -0.011922 0.929243 -0.369277 10.547000 0.306125 0.354963 0.883340 -1.004700 0.000000 0.000000 0.000000 1.000000
0.962142 -0.082724 -0.259691 0.000000 -0.039468 0.900492 -0.433077 10.547000 0.269676 0.426931 0.863136 -1.004700 0.000000 0.000000 0.000000 1.000000
0.968824 -0.077548 -0.235301 0.000000 -0.047347 0.874293 -0.483084 10.547000 0.243184 0.479164 0.843364 -1.004700 0.000000 0.000000 0.000000 1.000000
0.970519 -0.084012 -0.225910 0.000000 -0.044761 0.858159 -0.511429 10.547000 0.236832 0.506463 0.829099 -1.004700 0.000000 0.000000 0.000000 1.000000
0.967490 -0.094550 -0.234571 0.000000 -0.040786 0.857019 -0.513668 10.547000 0.249599 0.506536 0.825301 -1.004700 0.000000 0.000000 0.000000 1.000000
0.960807 -0.111567 -0.253777 0.000000 -0.029482 0.869127 -0.493709 10.547000 0.275647 0.481841 0.831774 -1.004700 0.000000 0.000000 0.000000 1.000000
0.952317 -0.140011 -0.271088 0.000000 -0.000814 0.887324 -0.461146 10.547000 0.305108 0.439378 0.844900 -1.004700 0.000000 0.000000 0.000000 1.000000
0.943667 -0.177934 -0.278985 0.000000 0.045114 0.904427 -0.424237 10.547000 0.327808 0.387752 0.861505 -1.004700 0.000000 0.000000 0.000000 1.000000
0.935607 -0.212727 -0.281757 0.000000 0.092269 0.917680 -0.386457 10.547000 0.340773 0.335574 0.878216 -1.004700 0.000000 0.000000 0.000000 1.000000
0.929290 -0.231484 -0.287813 0.000000 0.122895 0.928625 -0.350076 10.547000 0.348307 0.289951 0.891409 -1.004700 0.000000 0.000000 0.000000 1.000000
0.926378 -0.233162 -0.295736 -0.000000 0.133709 0.937762 -0.320507 10.547000 0.352060 0.257368 0.899898 -1.004700 0.000000 0.000000 0.000000 1.000000
0.928695 -0.229401 -0.291376 -0.000000 0.136155 0.941761 -0.307487 10.547000 0.344944 0.245889 0.905843 -1.004700 0.000000 0.000000 0.000000 1.000000
0.937121 -0.231487 -0.261184 0.000000 0.142626 0.937043 -0.318761 10.547000 0.318530 0.261466 0.911139 -1.004700 0.000000 0.000000 0.000000 1.000000
0.948449 -0.238311 -0.208930 0.000000 0.155275 0.924102 -0.349178 10.547000 0.276286 0.298736 0.913467 -1.004700 0.000000 0.000000 0.000000 1.000000
0.958397 -0.241057 -0.152859 -0.000000 0.167406 0.908448 -0.383012 10.547000 0.231192 0.341488 0.911008 -1.004700 0.000000 0.000000 0.000000 1.000000
0.965574 -0.235602 -0.110266 0.000000 0.171525 0.895338 -0.411035 10.547000 0.195566 0.377971 0.904926 -1.004700 0.000000 0.000000 0.000000 1.000000
0.970923 -0.224695 -0.082591 0.000000 0.167104 0.883168 -0.438282 10.547000 0.171421 0.411737 0.895035 -1.004700 0.000000 0.000000 0.000000 1.000000
0.976492 -0.207989 -0.056612 0.000000 0.157231 0.866928 -0.472984 10.547000 0.147454 0.452963 0.879251 -1.004700 0.000000 0.000000 0.000000 1.000000
0.983475 -0.180082 -0.018637 0.000000 0.145052 0.845373 -0.514106 10.547000 0.108337 0.502907 0.857524 -1.004700 0.000000 0.000000 0.000000 1.000000
0.989376 -0.141589 0.032970 0.000000 0.136225 0.823748 -0.550347 10.547000 0.050764 0.548992 0.834285 -1.004700 0.000000 0.000000 0.000000 1.000000
0.990936 -0.104132 0.084867 -0.000000 0.133999 0.810923 -0.569604 10.547000 -0.009507 0.575813 0.817526 -1.004700 0.000000 0.000000 0.000000 1.000000
0.989330 -0.081858 0.120520 -0.000000 0.136376 0.811373 -0.568398 10.547000 -0.051259 0.578769 0.813879 -1.004700 0.000000 0.000000 0.000000 1.000000
0.988031 -0.079580 0.132143 0.000000 0.140097 0.821449 -0.552806 10.547000 -0.064556 0.564702 0.822766 -1.004700 0.000000 0.000000 0.000000 1.000000
0.987821 -0.093885 0.124080 -0.000000 0.146277 0.832175 -0.534872 10.547000 -0.053039 0.546508 0.835773 -1.004700 0.000000 0.000000 0.000000 1.000000
0.987810 -0.117002 0.102669 -0.000000 0.153792 0.835480 -0.527561 10.547000 -0.024053 0.536920 0.843290 -1.004700 0.000000 0.000000 0.000000 1.000000
0.987894 -0.138266 0.070345 0.000000 0.154380 0.831632 -0.533437 10.547000 0.015256 0.537839 0.842910 -1.004700 0.000000 0.000000 0.000000 1.000000
0.989054 -0.144474 0.030000 0.000000 0.137750 0.831163 -0.538695 10.547000 0.052892 0.536931 0.841966 -1.004700 0.000000 0.000000 0.000000 1.000000
0.992295 -0.123445 -0.010568 0.000000 0.099484 0.844712 -0.525894 10.547000 0.073845 0.520791 0.850485 -1.004700 0.000000 0.000000 0.000000 1.000000
0.996244 -0.075661 -0.042122 0.000000 0.044953 0.867607 -0.495214 10.547000 0.074013 0.491460 0.867749 -1.004700 0.000000 0.000000 0.000000 1.000000
0.997784 -0.021166 -0.063077 -0.000000 -0.011183 0.881207 -0.472598 10.547000 0.065587 0.472256 0.879018 -1.004700 0.000000 0.000000 0.000000 1.000000
0.996659 0.015756 -0.080145 -0.000000 -0.052909 0.872068 -0.486517 10.547000 0.062226 0.489131 0.869988 -1.004700 0.000000 0.000000 0.000000 1.000000
0.995104 0.027209 -0.095011 -0.000000 -0.073887 0.843284 -0.532366 10.547000 0.065636 0.536780 0.841166 -1.004700 0.000000 0.000000 0.000000 1.000000
0.994127 0.026273 -0.104984 0.000000 -0.082304 0.813445 -0.575790 10.547000 0.070271 0.581049 0.810830 -1.004700 0.000000 0.000000 0.000000 1.000000
0.994024 0.026864 -0.105808 0.000000 -0.084575 0.802341 -0.590843 10.547000 0.069021 0.596261 0.799818 -1.004700 0.000000 0.000000 0.000000 1.000000
0.994369 0.037752 -0.099016 0.000000 -0.088223 0.812546 -0.576182 10.547000 0.058703 0.581673 0.811301 -1.004700 0.000000 0.000000 0.000000 1.000000
0.994855 0.057299 -0.083552 0.000000 -0.093791 0.832716 -0.545700 10.547000 0.038307 0.550728 0.833805 -1.004700 0.000000 0.000000 0.000000 1.000000
0.994612 0.083560 -0.061356 0.000000 -0.103250 0.851499 -0.514090 10.547000 0.009287 0.517655 0.855539 -1.004700 0.000000 0.000000 0.000000 1.000000
0.992808 0.114858 -0.033766 0.000000 -0.116645 0.864553 -0.488817 10.547000 -0.026953 0.489240 0.871733 -1.004700 0.000000 0.000000 0.000000 1.000000
0.989029 0.147723 -0.000799 -0.000000 -0.130989 0.874465 -0.467069 10.547000 -0.068298 0.462050 0.884220 -1.004700 0.000000 0.000000 0.000000 1.000000
0.983781 0.175378 0.037646 0.000000 -0.141271 0.886877 -0.439876 10.547000 -0.110532 0.427424 0.897269 -1.004700 0.000000 0.000000 0.000000 1.000000
0.977758 0.193768 0.080269 -0.000000 -0.146233 0.904164 -0.401378 10.547000 -0.150350 0.380712 0.912388 -1.004700 0.000000 0.000000 0.000000 1.000000
0.970632 0.205322 0.125366 0.000000 -0.149579 0.923227 -0.353945 10.547000 -0.188414 0.324799 0.926826 -1.004700 0.000000 0.000000 0.000000 1.000000
0.961530 0.215056 0.170914 0.000000 -0.156061 0.939676 -0.304391 10.547000 -0.226065 0.266008 0.937088 -1.004700 0.000000 0.000000 0.000000 1.000000
0.950551 0.225637 0.213404 0.000000 -0.167560 0.951146 -0.259318 10.547000 -0.261489 0.210737 0.941920 -1.004700 0.000000 0.000000 0.000000 1.000000
0.940025 0.234892 0.247343 0.000000 -0.180159 0.957623 -0.224723 10.547000 -0.289647 0.166684 0.942508 -1.004700 0.000000 0.000000 0.000000 1.000000
0.932384 0.241603 0.268863 0.000000 -0.189249 0.959997 -0.206373 10.547000 -0.307968 0.141537 0.940810 -1.004700 0.000000 0.000000 0.000000 1.000000
0.932172 0.232170 0.277764 0.000000 -0.179251 0.962622 -0.203046 10.547000 -0.314523 0.139484 0.938946 -1.004700 0.000000 0.000000 0.000000 1.000000
0.936258 0.214477 0.278245 0.000000 -0.156522 0.963724 -0.216186 10.547000 -0.314518 0.158854 0.935865 -1.004700 0.000000 0.000000 0.000000 1.000000
0.941471 0.197964 0.272842 0.000000 -0.129694 0.959811 -0.248881 10.547000 -0.311146 0.198928 0.929309 -1.004700 0.000000 0.000000 0.000000 1.000000
0.948255 0.179955 0.261589 -0.000000 -0.097287 0.948924 -0.300132 10.547000 -0.302238 0.259152 0.917329 -1.004700 0.000000 0.000000 0.000000 1.000000
0.956528 0.155606 0.246659 0.000000 -0.058852 0.931354 -0.359327 10.547000 -0.285641 0.329190 0.900024 -1.004700 0.000000 0.000000 0.000000 1.000000
0.964373 0.123763 0.233810 0.000000 -0.017755 0.912105 -0.409572 10.547000 -0.263949 0.390829 0.881807 -1.004700 0.000000 0.000000 0.000000 1.000000
0.969472 0.091853 0.227348 0.000000 0.019202 0.895900 -0.443842 10.547000 -0.244449 0.434657 0.866786 -1.004700 0.000000 0.000000 0.000000 1.000000
0.971453 0.072560 0.225861 0.000000 0.043291 0.881866 -0.469508 10.547000 -0.233247 0.465883 0.853551 -1.004700 0.000000 0.000000 0.000000 1.000000
0.971541 0.077920 0.223688 -0.000000 0.043977 0.868593 -0.493571 10.547000 -0.232752 0.489362 0.840447 -1.004700 0.000000 0.000000 0.000000 1.000000
0.969717 0.112644 0.216702 0.000000 0.013852 0.860491 -0.509277 10.547000 -0.243837 0.496857 0.832873 -1.004700 0.000000 0.000000 0.000000 1.000000
0.963461 0.167471 0.209035 -0.000000 -0.041309 0.863994 -0.501804 10.547000 -0.264642 0.474834 0.839343 -1.004700 0.000000 0.000000 0.000000 1.000000
0.951754 0.222865 0.210941 0.000000 -0.102747 0.879176 -0.465287 10.547000 -0.289151 0.421165 0.859658 -1.004700 0.000000 0.000000 0.000000 1.000000
0.937478 0.263667 0.227187 -0.000000 -0.152732 0.898205 -0.412191 10.547000 -0.312741 0.351721 0.882318 -1.004700 0.000000 0.000000 0.000000 1.000000
0.924759 0.288289 0.248418 0.000000 -0.185858 0.911772 -0.366236 10.547000 -0.332082 0.292509 0.896750 -1.004700 0.000000 0.000000 0.000000 1.000000
0.916487 0.304741 0.259201 -0.000000 -0.206881 0.915551 -0.344916 10.547000 -0.342421 0.262487 0.902135 -1.004700 0.000000 0.000000 0.000000 1.000000
0.915557 0.313011 0.252547 0.000000 -0.216394 0.912676 -0.346694 10.547000 -0.339013 0.262768 0.903340 -1.004700 0.000000 0.000000 0.000000 1.000000
0.918465 0.317182 0.236256 0.000000 -0.220299 0.906395 -0.360440 10.547000 -0.328466 0.279004 0.902367 -1.004700 0.000000 0.000000 0.000000 1.000000
0.923420 0.312829 0.222335 0.000000 -0.215501 0.902004 -0.374097 10.547000 -0.317576 0.297535 0.900344 -1.004700 0.000000 0.000000 0.000000 1.000000
0.929502 0.299596 0.215102 0.000000 -0.201142 0.900633 -0.385230 10.547000 -0.309141 0.314806 0.897401 -1.004700 0.000000 0.000000 0.000000 1.000000
0.936545 0.281212 0.209293 -0.000000 -0.180118 0.898238 -0.400906 10.547000 -0.300735 0.337768 0.891892 -1.004700 0.000000 0.000000 0.000000 1.000000
0.944560 0.261951 0.197960 0.000000 -0.156406 0.889083 -0.430196 10.547000 -0.288693 0.375384 0.880763 -1.004700 0.000000 0.000000 0.000000 1.000000
0.953495 0.242288 0.179288 0.000000 -0.131917 0.870293 -0.474540 10.547000 -0.271009 0.428820 0.861782 -1.004700 0.000000 0.000000 0.000000 1.000000
0.963212 0.219352 0.155263 0.000000 -0.107668 0.844326 -0.524901 10.547000 -0.246230 0.488874 0.836883 -1.004700 0.000000 0.000000 0.000000 1.000000
0.973118 0.190565 0.129332 0.000000 -0.084935 0.818923 -0.567584 10.547000 -0.214075 0.541341 0.813094 -1.004700 0.000000 0.000000 0.000000 1.000000
0.981713 0.158100 0.106040 0.000000 -0.065313 0.802938 -0.592473 10.547000 -0.178814 0.574712 0.798581 -1.004700 0.000000 0.000000 0.000000 1.000000
0.987512 0.129721 0.089401 0.000000 -0.050964 0.799988 -0.597848 10.547000 -0.149073 0.585826 0.796609 -1.004700 0.000000 0.000000 0.000000 1.000000
0.990385 0.111571 0.081794 -0.000000 -0.042028 0.805958 -0.590479 10.547000 -0.131803 0.581363 0.802898 -1.004700 0.000000 0.000000 0.000000 1.000000
0.991266 0.101784 0.083852 -0.000000 -0.034289 0.812902 -0.581390 10.547000 -0.127340 0.573437 0.809292 -1.004700 0.000000 0.000000 0.000000 1.000000
0.990983 0.092617 0.096826 -0.000000 -0.019575 0.814958 -0.579189 10.547000 -0.132552 0.572071 0.809423 -1.004700 0.000000 0.000000 0.000000 1.000000
0.990236 0.081949 0.112772 0.000000 0.000099 0.808551 -0.588426 10.547000 -0.139403 0.582691 0.800648 -1.004700 0.000000 0.000000 0.000000 1.000000
0.989230 0.073391 0.126642 -0.000000 0.019302 0.792250 -0.609892 10.547000 -0.145093 0.605768 0.782300 -1.004700 0.000000 0.000000 0.000000 1.000000
0.988294 0.071770 0.134625 0.000000 0.030867 0.770121 -0.637151 10.547000 -0.149406 0.633848 0.758891 -1.004700 0.000000 0.000000 0.000000 1.000000
0.988033 0.070868 0.136997 0.000000 0.036539 0.755373 -0.654275 10.547000 -0.149851 0.651452 0.743744 -1.004700 0.000000 0.000000 0.000000 1.000000
0.989625 0.051962 0.133951 0.000000 0.047787 0.760189 -0.647942 10.547000 -0.135497 0.647621 0.749819 -1.004700 0.000000 0.000000 0.000000 1.000000
0.992739 0.002537 0.120260 0.000000 0.073317 0.779831 -0.621682 10.547000 -0.095359 0.625985 0.773983 -1.004700 0.000000 0.000000 0.000000 1.000000
0.993474 -0.064789 0.093876 0.000000 0.108023 0.798694 -0.591962 10.547000 -0.036626 0.598239 0.800480 -1.004700 0.000000 0.000000 0.000000 1.000000
0.990864 -0.118714 0.063991 -0.000000 0.133915 0.809955 -0.570998 10.547000 0.015955 0.574351 0.818453 -1.004700 0.000000 0.000000 0.000000 1.000000
0.989163 -0.138145 0.049715 -0.000000 0.142181 0.816894 -0.558989 10.547000 0.036609 0.560000 0.827684 -1.004700 0.000000 0.000000 0.000000 1.000000
0.990241 -0.127032 0.057320 -0.000000 0.137477 0.822901 -0.551302 10.547000 0.022864 0.553802 0.832335 -1.004700 0.000000 0.000000 0.000000 1.000000
0.991466 -0.108754 0.071886 0.000000 0.130365 0.827925 -0.545477 10.547000 -0.000194 0.550194 0.835037 -1.004700 0.000000 0.000000 0.000000 1.000000
0.992342 -0.101661 0.070152 0.000000 0.123447 0.835348 -0.535681 10.547000 -0.004144 0.540239 0.841501 -1.004700 0.000000 0.000000 0.000000 1.000000
0.993541 -0.105197 0.042535 -0.000000 0.112023 0.849635 -0.515336 10.547000 0.018072 0.516773 0.855932 -1.004700 0.000000 0.000000 0.000000 1.000000
0.994142 -0.108084 -0.000127 0.000000 0.094402 0.868861 -0.485971 10.547000 0.052636 0.483112 0.873975 -1.004700 0.000000 0.000000 0.000000 1.000000
0.993547 -0.105271 -0.042229 0.000000 0.074968 0.888866 -0.451993 10.547000 0.085118 0.445910 0.891021 -1.004700 0.000000 0.000000 0.000000 1.000000
0.991537 -0.101511 -0.080933 -0.000000 0.059139 0.908125 -0.414501 10.547000 0.115573 0.406207 0.906443 -1.004700 0.000000 0.000000 0.000000 1.000000
0.987648 -0.100642 -0.120097 0.000000 0.049110 0.926660 -0.372680 10.547000 0.148796 0.362178 0.920156 -1.004700 0.000000 0.000000 0.000000 1.000000
0.981727 -0.104438 -0.159074 0.000000 0.047245 0.943532 -0.327894 10.547000 0.184336 0.314387 0.931225 -1.004700 0.000000 0.000000 0.000000 1.000000
0.975331 -0.114864 -0.188508 0.000000 0.055853 0.954579 -0.292676 10.547000 0.213564 0.274927 0.937446 -1.004700 0.000000 0.000000 0.000000 1.000000
0.968767 -0.130866 -0.210629 0.000000 0.072114 0.961374 -0.265631 10.547000 0.237256 0.242145 0.940784 -1.004700 0.000000 0.000000 0.000000 1.000000</float_array>
        <technique_common>
          <accessor source="#mixamorig9_Spine-Matrix-animation-output-transform-array" count="104" stride="16">
            <param type="float4x4"/>
          </accessor>
        </technique_common>
      </source>
      <source id="mixamorig9_Spine-Interpolations">
        <Name_array id="mixamorig9_Spine-Interpolations-array" count="104">
 LINEAR LINEAR LINEAR LINEAR LINEAR LINEAR LINEAR LINEAR LINEAR LINEAR LINEAR
LINEAR LINEAR LINEAR LINEAR LINEAR LINEAR LINEAR LINEAR LINEAR LINEAR LINEAR LINEAR
LINEAR LINEAR LINEAR LINEAR LINEAR LINEAR LINEAR LINEAR LINEAR LINEAR LINEAR LINEAR
LINEAR LINEAR LINEAR LINEAR LINEAR LINEAR LINEAR LINEAR LINEAR LINEAR LINEAR LINEAR
LINEAR LINEAR LINEAR LINEAR LINEAR LINEAR LINEAR LINEAR LINEAR LINEAR LINEAR LINEAR
LINEAR LINEAR LINEAR LINEAR LINEAR LINEAR LINEAR LINEAR LINEAR LINEAR LINEAR LINEAR
LINEAR LINEAR LINEAR LINEAR LINEAR LINEAR LINEAR LINEAR LINEAR LINEAR LINEAR LINEAR
LINEAR LINEAR LINEAR LINEAR LINEAR LINEAR LINEAR LINEAR LINEAR LINEAR LINEAR LINEAR
LINEAR LINEAR LINEAR LINEAR LINEAR LINEAR LINEAR LINEAR LINEAR</Name_array>
        <technique_common>
          <accessor source="#mixamorig9_Spine-Interpolations-array" count="104">
            <param type="name"/>
          </accessor>
        </technique_common>
      </source>
      <sampler id="mixamorig9_Spine-Matrix-animation-transform">
        <input semantic="INPUT" source="#mixamorig9_Spine-Matrix-animation-input"/>
        <input semantic="OUTPUT" source="#mixamorig9_Spine-Matrix-animation-output-transform"/>
        <input semantic="INTERPOLATION" source="#mixamorig9_Spine-Interpolations"/>
      </sampler>
      <channel source="#mixamorig9_Spine-Matrix-animation-transform" target="mixamorig9_Spine/matrix"/>
    </animation>
    <animation id="mixamorig9_Spine1-anim" name="mixamorig9_Spine1">
      <source id="mixamorig9_Spine1-Matrix-animation-input">
        <float_array id="mixamorig9_Spine1-Matrix-animation-input-array" count="104">

0.000000 0.033333 0.066667 0.100000 0.133333 0.166667 0.200000 0.233333 0.266667 0.300000 0.333333 0.366667 0.400000 0.433333 0.466667 0.500000
0.533333 0.566667 0.600000 0.633333 0.666667 0.700000 0.733333 0.766667 0.800000 0.833333 0.866667 0.900000 0.933333 0.966667 1.000000 1.033333
1.066667 1.100000 1.133333 1.166667 1.200000 1.233333 1.266667 1.300000 1.333333 1.366667 1.400000 1.433333 1.466667 1.500000 1.533333 1.566667
1.600000 1.633333 1.666667 1.700000 1.733333 1.766667 1.800000 1.833333 1.866667 1.900000 1.933333 1.966667 2.000000 2.033333 2.066667 2.100000
2.133333 2.166667 2.200000 2.233333 2.266667 2.300000 2.333333 2.366667 2.400000 2.433333 2.466667 2.500000 2.533333 2.566667 2.600000 2.633333
2.666667 2.700000 2.733333 2.766667 2.800000 2.833333 2.866667 2.900000 2.933333 2.966667 3.000000 3.033333 3.066667 3.100000 3.133333 3.166667
3.200000 3.233333 3.266667 3.300000 3.333333 3.366667 3.400000 3.433333</float_array>
        <technique_common>
          <accessor source="#mixamorig9_Spine1-Matrix-animation-input-array" count="104">
            <param name="TIME" type="float"/>
          </accessor>
        </technique_common>
      </source>
      <source id="mixamorig9_Spine1-Matrix-animation-output-transform">
        <float_array id="mixamorig9_Spine1-Matrix-animation-output-transform-array" count="1664">

