<?xml version="1.0" encoding="utf-8"?>
<COLLADA xmlns="http://www.collada.org/2005/11/COLLADASchema" version="1.4.1">
  <asset>
    <contributor>
      <author>Mixamo</author>
      <authoring_tool>COLLADA Mixamo exporter</authoring_tool>
      <comments/>
    </contributor>
    <created>2024-03-17T13:57:18Z</created>
    <modified>2024-03-17T13:57:18Z</modified>
    <revision/>
    <title/>
    <unit meter="0.010000"/>
    <up_axis>Y_UP</up_axis>
  </asset>
  <library_animations>
    <animation id="mixamorig6_Hips-anim" name="mixamorig6_Hips">
      <source id="mixamorig6_Hips-Matrix-animation-input">
        <float_array id="mixamorig6_Hips-Matrix-animation-input-array" count="32">

0.000000 0.033333 0.066667 0.100000 0.133333 0.166667 0.200000 0.233333 0.266667 0.300000 0.333333 0.366667 0.400000 0.433333 0.466667 0.500000
0.533333 0.566667 0.600000 0.633333 0.666667 0.700000 0.733333 0.766667 0.800000 0.833333 0.866667 0.900000 0.933333 0.966667 1.000000 1.033333</float_array>
        <technique_common>
          <accessor source="#mixamorig6_Hips-Matrix-animation-input-array" count="32">
            <param name="TIME" type="float"/>
          </accessor>
        </technique_common>
      </source>
      <source id="mixamorig6_Hips-Matrix-animation-output-transform">
        <float_array id="mixamorig6_Hips-Matrix-animation-output-transform-array" count="512">

0.404977 0.129503 0.905109 0.656851 -0.026952 0.991179 -0.129758 95.841492 -0.913929 0.028155 0.404895 0.186294 0.000000 0.000000 0.000000 1.000000
0.405015 0.123028 0.905995 -0.294772 -0.004924 0.991185 -0.132395 96.439796 -0.914297 0.049161 0.402050 0.653241 0.000000 0.000000 0.000000 1.000000
0.410127 0.125852 0.903304 -1.147898 -0.002471 0.990583 -0.136890 96.472992 -0.912025 0.053910 0.406576 0.983459 0.000000 0.000000 0.000000 1.000000
0.419983 0.136449 0.897216 -1.691375 -0.019521 0.989762 -0.141386 95.914978 -0.907322 0.041866 0.418347 1.183678 0.000000 0.000000 0.000000 1.000000
0.438857 0.151700 0.885659 -1.739433 -0.052806 0.988296 -0.143114 94.708015 -0.897004 0.016039 0.441732 1.254337 0.000000 0.000000 0.000000 1.000000
0.464412 0.160109 0.871026 -1.478520 -0.084104 0.987050 -0.136594 93.099182 -0.881617 -0.009821 0.471864 1.317815 0.000000 0.000000 0.000000 1.000000
0.480890 0.160024 0.862054 -1.581770 -0.094671 0.986932 -0.130394 91.546951 -0.871655 -0.018906 0.489756 1.416980 0.000000 0.000000 0.000000 1.000000
0.485513 0.149105 0.861420 -1.798745 -0.079245 0.988798 -0.126489 90.001472 -0.870631 -0.006851 0.491890 1.446566 0.000000 0.000000 0.000000 1.000000
0.486240 0.123427 0.865064 -1.292702 -0.048555 0.992261 -0.114283 89.122505 -0.872475 0.013566 0.488470 1.249196 0.000000 0.000000 0.000000 1.000000
0.483671 0.107677 0.868601 -0.051500 -0.029955 0.993859 -0.106525 89.089607 -0.874737 0.025504 0.483926 0.730085 0.000000 0.000000 0.000000 1.000000
0.481029 0.101568 0.870802 0.560254 -0.007990 0.993733 -0.111493 88.770531 -0.876669 0.046674 0.478825 0.263480 0.000000 0.000000 0.000000 1.000000
0.483007 0.086777 0.871306 0.825775 0.018971 0.993806 -0.109494 89.038437 -0.875411 0.069416 0.478369 -0.114619 0.000000 0.000000 0.000000 1.000000
0.491102 0.069021 0.868363 0.958351 0.041473 0.993873 -0.102452 89.897110 -0.870114 0.086328 0.485231 -0.371631 0.000000 0.000000 0.000000 1.000000
0.480240 0.065527 0.874686 1.027780 0.042439 0.994302 -0.097789 91.349640 -0.876110 0.084083 0.474723 -0.501056 0.000000 0.000000 0.000000 1.000000
0.454807 0.064856 0.888225 1.011027 0.036910 0.995115 -0.091560 93.027229 -0.889825 0.074427 0.450192 -0.455021 0.000000 0.000000 0.000000 1.000000
0.434794 0.064381 0.898226 0.899908 0.028244 0.995975 -0.085060 94.553635 -0.900087 0.062353 0.431226 -0.305468 0.000000 0.000000 0.000000 1.000000
0.416311 0.069431 0.906567 0.637980 0.012153 0.996566 -0.081905 95.684219 -0.909141 0.045116 0.414038 -0.148628 0.000000 0.000000 0.000000 1.000000
0.388642 0.080755 0.917843 0.317418 -0.004321 0.996301 -0.085828 96.053589 -0.921379 0.029390 0.387553 0.084350 0.000000 0.000000 0.000000 1.000000
0.353294 0.091565 0.931020 0.086672 -0.006225 0.995407 -0.095536 95.658447 -0.935492 0.027956 0.352241 0.412673 0.000000 0.000000 0.000000 1.000000
0.304333 0.095814 0.947735 0.015419 0.006375 0.994701 -0.102609 94.635315 -0.952544 0.037270 0.302109 0.743297 0.000000 0.000000 0.000000 1.000000
0.230029 0.094448 0.968590 0.404928 0.028541 0.994197 -0.103723 92.856476 -0.972765 0.051503 0.225999 1.005896 0.000000 0.000000 0.000000 1.000000
0.153955 0.092698 0.983720 0.834787 0.051230 0.993502 -0.101637 90.921982 -0.986749 0.066043 0.148206 1.130720 0.000000 0.000000 0.000000 1.000000
0.104916 0.094502 0.989981 0.940467 0.059822 0.993072 -0.101137 89.394173 -0.992680 0.069834 0.098535 1.074113 0.000000 0.000000 0.000000 1.000000
0.099881 0.100372 0.989924 1.356369 0.047440 0.993287 -0.105499 88.263992 -0.993868 0.057500 0.094449 0.996326 0.000000 0.000000 0.000000 1.000000
0.125393 0.106496 0.986375 2.120842 0.019906 0.993752 -0.109823 87.683136 -0.991907 0.033405 0.122490 0.965182 0.000000 0.000000 0.000000 1.000000
0.176182 0.116746 0.977410 2.673731 -0.028969 0.993127 -0.113402 88.221306 -0.983931 -0.008335 0.178353 0.774351 0.000000 0.000000 0.000000 1.000000
0.230854 0.126678 0.964707 2.935572 -0.069948 0.991084 -0.113403 89.030159 -0.970471 -0.041299 0.237656 0.613778 0.000000 0.000000 0.000000 1.000000
0.282090 0.134507 0.949912 2.581332 -0.095840 0.989121 -0.111598 90.025681 -0.954589 -0.059559 0.291912 0.659185 0.000000 0.000000 0.000000 1.000000
0.324537 0.137994 0.935753 2.324576 -0.102724 0.988591 -0.110159 91.484718 -0.940278 -0.060374 0.335010 0.628219 0.000000 0.000000 0.000000 1.000000
0.360980 0.133742 0.922934 1.944691 -0.079748 0.990465 -0.112337 93.104462 -0.929158 -0.033051 0.368204 0.437290 0.000000 0.000000 0.000000 1.000000
0.391044 0.129574 0.911205 1.400435 -0.051746 0.991569 -0.118795 94.611267 -0.918916 -0.000697 0.394452 0.241960 0.000000 0.000000 0.000000 1.000000
0.404977 0.129502 0.905109 0.656854 -0.026951 0.991179 -0.129758 95.841507 -0.913930 0.028155 0.404895 0.186298 0.000000 0.000000 0.000000 1.000000</float_array>
        <technique_common>
          <accessor source="#mixamorig6_Hips-Matrix-animation-output-transform-array" count="32" stride="16">
            <param type="float4x4"/>
          </accessor>
        </technique_common>
      </source>
      <source id="mixamorig6_Hips-Interpolations">
        <Name_array id="mixamorig6_Hips-Interpolations-array" count="32">
 LINEAR LINEAR LINEAR LINEAR LINEAR LINEAR LINEAR LINEAR LINEAR LINEAR LINEAR
LINEAR LINEAR LINEAR LINEAR LINEAR LINEAR LINEAR LINEAR LINEAR LINEAR LINEAR LINEAR
LINEAR LINEAR LINEAR LINEAR LINEAR LINEAR LINEAR LINEAR LINEAR</Name_array>
        <technique_common>
          <accessor source="#mixamorig6_Hips-Interpolations-array" count="32">
            <param type="name"/>
          </accessor>
        </technique_common>
      </source>
      <sampler id="mixamorig6_Hips-Matrix-animation-transform">
        <input semantic="INPUT" source="#mixamorig6_Hips-Matrix-animation-input"/>
        <input semantic="OUTPUT" source="#mixamorig6_Hips-Matrix-animation-output-transform"/>
        <input semantic="INTERPOLATION" source="#mixamorig6_Hips-Interpolations"/>
      </sampler>
      <channel source="#mixamorig6_Hips-Matrix-animation-transform" target="mixamorig6_Hips/matrix"/>
    </animation>
    <animation id="mixamorig6_Spine-anim" name="mixamorig6_Spine">
      <source id="mixamorig6_Spine-Matrix-animation-input">
        <float_array id="mixamorig6_Spine-Matrix-animation-input-array" count="32">

0.000000 0.033333 0.066667 0.100000 0.133333 0.166667 0.200000 0.233333 0.266667 0.300000 0.333333 0.366667 0.400000 0.433333 0.466667 0.500000
0.533333 0.566667 0.600000 0.633333 0.666667 0.700000 0.733333 0.766667 0.800000 0.833333 0.866667 0.900000 0.933333 0.966667 1.000000 1.033333</float_array>
        <technique_common>
          <accessor source="#mixamorig6_Spine-Matrix-animation-input-array" count="32">
            <param name="TIME" type="float"/>
          </accessor>
        </technique_common>
      </source>
      <source id="mixamorig6_Spine-Matrix-animation-output-transform">
        <float_array id="mixamorig6_Spine-Matrix-animation-output-transform-array" count="512">

0.990803 -0.014968 -0.134480 0.000000 0.013926 0.999865 -0.008691 10.236600 0.134592 0.006738 0.990878 -0.985400 0.000000 0.000000 0.000000 1.000000
0.991787 0.012992 -0.127242 0.000000 -0.013791 0.999890 -0.005402 10.236600 0.127158 0.007112 0.991857 -0.985400 0.000000 0.000000 0.000000 1.000000
0.993230 0.019192 -0.114568 -0.000000 -0.019820 0.999794 -0.004344 10.236600 0.114462 0.006585 0.993406 -0.985400 0.000000 0.000000 0.000000 1.000000
0.995432 0.002978 -0.095422 -0.000000 -0.003355 0.999987 -0.003793 10.236600 0.095409 0.004096 0.995430 -0.985400 0.000000 0.000000 0.000000 1.000000
0.997255 -0.029671 -0.067836 0.000000 0.029649 0.999559 -0.001335 10.236600 0.067846 -0.000680 0.997696 -0.985400 0.000000 0.000000 0.000000 1.000000
0.997623 -0.055272 -0.041155 -0.000000 0.055340 0.998467 0.000513 10.236600 0.041064 -0.002789 0.999153 -0.985400 0.000000 0.000000 0.000000 1.000000
0.998191 -0.053310 -0.027816 -0.000000 0.053285 0.998578 -0.001630 10.236600 0.027863 0.000145 0.999612 -0.985400 0.000000 0.000000 0.000000 1.000000
0.999367 -0.025635 -0.024683 0.000000 0.025522 0.999662 -0.004892 10.236600 0.024800 0.004259 0.999683 -0.985400 0.000000 0.000000 0.000000 1.000000
0.999570 0.007340 -0.028392 0.000000 -0.007558 0.999942 -0.007607 10.236600 0.028335 0.007819 0.999568 -0.985400 0.000000 0.000000 0.000000 1.000000
0.999064 0.017497 -0.039562 0.000000 -0.017571 0.999844 -0.001523 10.236600 0.039529 0.002216 0.999216 -0.985400 0.000000 0.000000 0.000000 1.000000
0.998212 0.037139 -0.046839 0.000000 -0.036943 0.999305 0.005060 10.236600 0.046995 -0.003320 0.998890 -0.985400 0.000000 0.000000 0.000000 1.000000
0.996979 0.059476 -0.049955 0.000000 -0.059404 0.998230 0.002915 10.236600 0.050040 0.000062 0.998747 -0.985400 0.000000 0.000000 0.000000 1.000000
0.995661 0.075400 -0.054535 -0.000000 -0.075544 0.997142 -0.000578 10.236600 0.054335 0.004695 0.998512 -0.985400 0.000000 0.000000 0.000000 1.000000
0.995159 0.066770 -0.072107 0.000000 -0.067037 0.997750 -0.001295 10.236600 0.071858 0.006123 0.997396 -0.985400 0.000000 0.000000 0.000000 1.000000
0.994338 0.050224 -0.093644 -0.000000 -0.050673 0.998712 -0.002414 10.236600 0.093402 0.007146 0.995603 -0.985400 0.000000 0.000000 0.000000 1.000000
0.993644 0.033307 -0.107526 0.000000 -0.033935 0.999416 -0.004015 10.236600 0.107329 0.007639 0.994194 -0.985400 0.000000 0.000000 0.000000 1.000000
0.992776 0.011708 -0.119414 0.000000 -0.012552 0.999901 -0.006314 10.236600 0.119328 0.007767 0.992825 -0.985400 0.000000 0.000000 0.000000 1.000000
0.990234 -0.008895 -0.139130 -0.000000 0.008044 0.999945 -0.006680 10.236600 0.139182 0.005496 0.990252 -0.985400 0.000000 0.000000 0.000000 1.000000
0.985563 -0.012685 -0.168832 -0.000000 0.012547 0.999920 -0.001883 10.236600 0.168842 -0.000262 0.985643 -0.985400 0.000000 0.000000 0.000000 1.000000
0.977393 -0.003921 -0.211394 0.000000 0.004869 0.999980 0.003968 10.236600 0.211374 -0.004908 0.977393 -0.985400 0.000000 0.000000 0.000000 1.000000
0.962200 0.006998 -0.272255 0.000000 -0.003666 0.999912 0.012744 10.236600 0.272320 -0.011264 0.962141 -0.985400 0.000000 0.000000 0.000000 1.000000
0.944576 0.016236 -0.327891 -0.000000 -0.010976 0.999780 0.017885 10.236600 0.328109 -0.013295 0.944546 -0.985400 0.000000 0.000000 0.000000 1.000000
0.931780 0.013679 -0.362767 0.000000 -0.009716 0.999872 0.012747 10.236600 0.362894 -0.008353 0.931793 -0.985400 0.000000 0.000000 0.000000 1.000000
0.929941 -0.003622 -0.367690 -0.000000 0.007735 0.999923 0.009713 10.236600 0.367626 -0.011877 0.929898 -0.985400 0.000000 0.000000 0.000000 1.000000
0.934288 -0.029794 -0.355271 -0.000000 0.034272 0.999393 0.006316 10.236600 0.354867 -0.018077 0.934742 -0.985400 0.000000 0.000000 0.000000 1.000000
0.940176 -0.077141 -0.331841 0.000000 0.078906 0.996849 -0.008175 10.236600 0.331426 -0.018499 0.943300 -0.985400 0.000000 0.000000 0.000000 1.000000
0.946624 -0.112620 -0.302027 0.000000 0.112266 0.993504 -0.018591 10.236600 0.302159 -0.016309 0.953118 -0.985400 0.000000 0.000000 0.000000 1.000000
0.959793 -0.122303 -0.252665 0.000000 0.120242 0.992463 -0.023643 10.236600 0.253652 -0.007689 0.967265 -0.985400 0.000000 0.000000 0.000000 1.000000
0.971859 -0.115854 -0.205102 -0.000000 0.113437 0.993266 -0.023543 10.236600 0.206449 -0.000385 0.978457 -0.985400 0.000000 0.000000 0.000000 1.000000
0.981135 -0.085277 -0.173500 0.000000 0.083107 0.996345 -0.019746 10.236600 0.174550 0.004955 0.984636 -0.985400 0.000000 0.000000 0.000000 1.000000
0.987718 -0.049438 -0.148216 0.000000 0.047875 0.998754 -0.014098 10.236600 0.148729 0.006829 0.988854 -0.985400 0.000000 0.000000 0.000000 1.000000
0.990803 -0.014968 -0.134481 0.000000 0.013925 0.999865 -0.008690 10.236600 0.134593 0.006738 0.990878 -0.985400 0.000000 0.000000 0.000000 1.000000</float_array>
        <technique_common>
          <accessor source="#mixamorig6_Spine-Matrix-animation-output-transform-array" count="32" stride="16">
            <param type="float4x4"/>
          </accessor>
        </technique_common>
      </source>
      <source id="mixamorig6_Spine-Interpolations">
        <Name_array id="mixamorig6_Spine-Interpolations-array" count="32">
 LINEAR LINEAR LINEAR LINEAR LINEAR LINEAR LINEAR LINEAR LINEAR LINEAR LINEAR
LINEAR LINEAR LINEAR LINEAR LINEAR LINEAR LINEAR LINEAR LINEAR LINEAR LINEAR LINEAR
LINEAR LINEAR LINEAR LINEAR LINEAR LINEAR LINEAR LINEAR LINEAR</Name_array>
        <technique_common>
          <accessor source="#mixamorig6_Spine-Interpolations-array" count="32">
            <param type="name"/>
          </accessor>
        </technique_common>
      </source>
      <sampler id="mixamorig6_Spine-Matrix-animation-transform">
        <input semantic="INPUT" source="#mixamorig6_Spine-Matrix-animation-input"/>
        <input semantic="OUTPUT" source="#mixamorig6_Spine-Matrix-animation-output-transform"/>
        <input semantic="INTERPOLATION" source="#mixamorig6_Spine-Interpolations"/>
      </sampler>
      <channel source="#mixamorig6_Spine-Matrix-animation-transform" target="mixamorig6_Spine/matrix"/>
    </animation>
    <animation id="mixamorig6_Spine1-anim" name="mixamorig6_Spine1">
      <source id="mixamorig6_Spine1-Matrix-animation-input">
        <float_array id="mixamorig6_Spine1-Matrix-animation-input-array" count="32">

0.000000 0.033333 0.066667 0.100000 0.133333 0.166667 0.200000 0.233333 0.266667 0.300000 0.333333 0.366667 0.400000 0.433333 0.466667 0.500000
0.533333 0.566667 0.600000 0.633333 0.666667 0.700000 0.733333 0.766667 0.800000 0.833333 0.866667 0.900000 0.933333 0.966667 1.000000 1.033333</float_array>
        <technique_common>
          <accessor source="#mixamorig6_Spine1-Matrix-animation-input-array" count="32">
            <param name="TIME" type="float"/>
          </accessor>
        </technique_common>
      </source>
      <source id="mixamorig6_Spine1-Matrix-animation-output-transform">
        <float_array id="mixamorig6_Spine1-Matrix-animation-output-transform-array" count="512">

0.995735 -0.017317 -0.090624 0.000000 0.010562 0.997165 -0.074496 11.997900 0.091657 0.073221 0.993095 0.000000 0.000000 0.000000 0.000000 1.000000
0.996380 -0.008639 -0.084571 0.000000 0.002350 0.997242 -0.074177 11.997900 0.084979 0.073709 0.993653 0.000000 0.000000 0.000000 0.000000 1.000000
0.996740 -0.003384 -0.080611 0.000000 -0.002574 0.997277 -0.073696 11.997900 0.080640 0.073663 0.994018 0.000000 0.000000 0.000000 0.000000 1.000000
0.997024 -0.003102 -0.077029 -0.000000 -0.002457 0.997404 -0.071966 11.997900 0.077052 0.071941 0.994428 0.000000 0.000000 0.000000 0.000000 1.000000
0.997469 -0.009097 -0.070518 0.000000 0.004312 0.997696 -0.067707 11.997900 0.070972 0.067232 0.995210 -0.000000 0.000000 0.000000 0.000000 1.000000
0.997889 -0.016753 -0.062752 -0.000000 0.012675 0.997816 -0.064823 11.997900 0.063701 0.063890 0.995922 0.000000 0.000000 0.000000 0.000000 1.000000
0.998211 -0.019034 -0.056680 0.000000 0.015241 0.997663 -0.066604 11.997900 0.057815 0.065621 0.996168 0.000000 0.000000 0.000000 0.000000 1.000000
0.998463 -0.012940 -0.053885 0.000000 0.009157 0.997514 -0.069865 11.997900 0.054655 0.069264 0.996100 -0.000000 0.000000 0.000000 0.000000 1.000000
0.998544 -0.002016 -0.053905 -0.000000 -0.001934 0.997321 -0.073124 11.997900 0.053908 0.073122 0.995865 -0.000000 0.000000 0.000000 0.000000 1.000000
0.998388 0.004009 -0.056620 0.000000 -0.008015 0.997465 -0.070699 11.997900 0.056193 0.071039 0.995889 0.000000 0.000000 0.000000 0.000000 1.000000
0.998117 0.010328 -0.060467 0.000000 -0.014429 0.997596 -0.067786 11.997900 0.059621 0.068531 0.995866 0.000000 0.000000 0.000000 0.000000 1.000000
0.998006 0.020998 -0.059529 0.000000 -0.025147 0.997242 -0.069823 11.997900 0.057899 0.071181 0.995782 0.000000 0.000000 0.000000 0.000000 1.000000
0.997952 0.028079 -0.057474 0.000000 -0.032199 0.996881 -0.072054 11.997900 0.055271 0.073757 0.995743 0.000000 0.000000 0.000000 0.000000 1.000000
0.997629 0.024292 -0.064390 0.000000 -0.028930 0.996977 -0.072108 11.997900 0.062444 0.073800 0.995316 0.000000 0.000000 0.000000 0.000000 1.000000
0.997082 0.018327 -0.074108 0.000000 -0.023674 0.997128 -0.071937 11.997900 0.072577 0.073481 0.994652 0.000000 0.000000 0.000000 0.000000 1.000000
0.996857 0.013146 -0.078121 0.000000 -0.018796 0.997225 -0.072034 11.997900 0.076957 0.073276 0.994338 0.000000 0.000000 0.000000 0.000000 1.000000
0.996721 0.005624 -0.080720 -0.000000 -0.011523 0.997280 -0.072805 11.997900 0.080091 0.073496 0.994074 0.000000 0.000000 0.000000 0.000000 1.000000
0.996260 -0.003346 -0.086341 -0.000000 -0.002891 0.997400 -0.072013 11.997900 0.086357 0.071993 0.993660 0.000000 0.000000 0.000000 0.000000 1.000000
0.995509 -0.008690 -0.094263 -0.000000 0.002257 0.997673 -0.068145 11.997900 0.094635 0.067626 0.993212 -0.000000 0.000000 0.000000 0.000000 1.000000
0.994654 -0.007593 -0.102986 0.000000 0.001072 0.997999 -0.063227 11.997900 0.103260 0.062779 0.992671 0.000000 0.000000 0.000000 0.000000 1.000000
0.993658 -0.003302 -0.112393 -0.000000 -0.003201 0.998333 -0.057632 11.997900 0.112396 0.057626 0.991991 0.000000 0.000000 0.000000 0.000000 1.000000
0.992599 0.000739 -0.121434 0.000000 -0.007347 0.998515 -0.053982 11.997900 0.121214 0.054475 0.991131 0.000000 0.000000 0.000000 0.000000 1.000000
0.991976 0.000392 -0.126423 -0.000000 -0.007530 0.998403 -0.055986 11.997900 0.126200 0.056489 0.990395 0.000000 0.000000 0.000000 0.000000 1.000000
0.991750 -0.006699 -0.128009 0.000000 -0.000854 0.998266 -0.058857 11.997900 0.128181 0.058481 0.990025 -0.000000 0.000000 0.000000 0.000000 1.000000
0.991757 -0.017502 -0.126935 0.000000 0.010160 0.998250 -0.058263 11.997900 0.127732 0.056493 0.990198 0.000000 0.000000 0.000000 0.000000 1.000000
0.992150 -0.029738 -0.121467 0.000000 0.022312 0.997824 -0.062048 11.997900 0.123048 0.058851 0.990654 0.000000 0.000000 0.000000 0.000000 1.000000
0.992071 -0.038634 -0.119591 0.000000 0.030665 0.997229 -0.067776 11.997900 0.121878 0.063571 0.990507 -0.000000 0.000000 0.000000 0.000000 1.000000
0.991305 -0.042336 -0.124585 0.000000 0.033531 0.996845 -0.071944 11.997900 0.127237 0.067141 0.989597 0.000000 0.000000 0.000000 0.000000 1.000000
0.991409 -0.041763 -0.123954 0.000000 0.032806 0.996760 -0.073436 11.997900 0.126619 0.068739 0.989567 0.000000 0.000000 0.000000 0.000000 1.000000
0.992893 -0.034882 -0.113786 -0.000000 0.026451 0.996849 -0.074782 11.997900 0.116036 0.071241 0.990687 0.000000 0.000000 0.000000 0.000000 1.000000
0.994480 -0.026502 -0.101524 0.000000 0.018922 0.997010 -0.074914 11.997900 0.103205 0.072579 0.992009 0.000000 0.000000 0.000000 0.000000 1.000000
0.995735 -0.017317 -0.090623 0.000000 0.010562 0.997165 -0.074496 11.997900 0.091657 0.073221 0.993095 -0.000000 0.000000 0.000000 0.000000 1.000000</float_array>
        <technique_common>
          <accessor source="#mixamorig6_Spine1-Matrix-animation-output-transform-array" count="32" stride="16">
            <param type="float4x4"/>
          </accessor>
        </technique_common>
      </source>
      <source id="mixamorig6_Spine1-Interpolations">
        <Name_array id="mixamorig6_Spine1-Interpolations-array" count="32">
 LINEAR LINEAR LINEAR LINEAR LINEAR LINEAR LINEAR LINEAR LINEAR LINEAR LINEAR
LINEAR LINEAR LINEAR LINEAR LINEAR LINEAR LINEAR LINEAR LINEAR LINEAR LINEAR LINEAR
LINEAR LINEAR LINEAR LINEAR LINEAR LINEAR LINEAR LINEAR LINEAR</Name_array>
        <technique_common>
          <accessor source="#mixamorig6_Spine1-Interpolations-array" count="32">
            <param type="name"/>
          </accessor>
        </technique_common>
      </source>
      <sampler id="mixamorig6_Spine1-Matrix-animation-transform">
        <input semantic="INPUT" source="#mixamorig6_Spine1-Matrix-animation-input"/>
        <input semantic="OUTPUT" source="#mixamorig6_Spine1-Matrix-animation-output-transform"/>
        <input semantic="INTERPOLATION" source="#mixamorig6_Spine1-Interpolations"/>
      </sampler>
      <channel source="#mixamorig6_Spine1-Matrix-animation-transform" target="mixamorig6_Spine1/matrix"/>
    </animation>
    <animation id="mixamorig6_Spine2-anim" name="mixamorig6_Spine2">
      <source id="mixamorig6_Spine2-Matrix-animation-input">
        <float_array id="mixamorig6_Spine2-Matrix-animation-input-array" count="32">

0.000000 0.033333 0.066667 0.100000 0.133333 0.166667 0.200000 0.233333 0.266667 0.300000 0.333333 0.366667 0.400000 0.433333 0.466667 0.500000
0.533333 0.566667 0.600000 0.633333 0.666667 0.700000 0.733333 0.766667 0.800000 0.833333 0.866667 0.900000 0.933333 0.966667 1.000000 1.033333</float_array>
        <technique_common>
          <accessor source="#mixamorig6_Spine2-Matrix-animation-input-array" count="32">
            <param name="TIME" type="float"/>
          </accessor>
        </technique_common>
      </source>
      <source id="mixamorig6_Spine2-Matrix-animation-output-transform">
        <float_array id="mixamorig6_Spine2-Matrix-animation-output-transform-array" count="512">

0.995699 -0.016978 -0.091075 0.000000 0.010228 0.997201 -0.074067 13.711900 0.092078 0.072817 0.993086 0.000000 0.000000 0.000000 0.000000 1.000000
0.996337 -0.008250 -0.085117 0.000000 0.001966 0.997282 -0.073654 13.711900 0.085493 0.073216 0.993645 0.000000 0.000000 0.000000 0.000000 1.000000
0.996702 -0.002902 -0.081099 -0.000000 -0.003054 0.997311 -0.073220 13.711900 0.081093 0.073227 0.994013 -0.000000 0.000000 0.000000 0.000000 1.000000
0.997005 -0.002616 -0.077294 -0.000000 -0.002941 0.997422 -0.071697 13.711900 0.077282 0.071710 0.994427 -0.000000 0.000000 0.000000 0.000000 1.000000
0.997481 -0.008797 -0.070381 -0.000000 0.004014 0.997690 -0.067807 13.711900 0.070815 0.067353 0.995213 0.000000 0.000000 0.000000 0.000000 1.000000
0.997921 -0.016708 -0.062243 0.000000 0.012639 0.997792 -0.065206 13.711900 0.063195 0.064284 0.995929 0.000000 0.000000 0.000000 0.000000 1.000000
0.998238 -0.019009 -0.056215 0.000000 0.015229 0.997642 -0.066915 13.711900 0.057354 0.065941 0.996174 -0.000000 0.000000 0.000000 0.000000 1.000000
0.998470 -0.012810 -0.053783 0.000000 0.009032 0.997511 -0.069924 13.711900 0.054544 0.069331 0.996101 0.000000 0.000000 0.000000 0.000000 1.000000
0.998535 -0.001758 -0.054088 0.000000 -0.002198 0.997330 -0.072994 13.711900 0.054072 0.073006 0.995865 0.000000 0.000000 0.000000 0.000000 1.000000
0.998374 0.004426 -0.056827 0.000000 -0.008437 0.997474 -0.070529 13.711900 0.056371 0.070894 0.995890 0.000000 0.000000 0.000000 0.000000 1.000000
0.998082 0.010973 -0.060920 0.000000 -0.015077 0.997617 -0.067325 13.711900 0.060036 0.068115 0.995870 0.000000 0.000000 0.000000 0.000000 1.000000
0.997958 0.021673 -0.060089 -0.000000 -0.025825 0.997269 -0.069191 13.711900 0.058425 0.070602 0.995792 -0.000000 0.000000 0.000000 0.000000 1.000000
0.997908 0.028652 -0.057959 0.000000 -0.032775 0.996903 -0.071484 13.711900 0.055732 0.073235 0.995756 0.000000 0.000000 0.000000 0.000000 1.000000
0.997596 0.024803 -0.064712 0.000000 -0.029433 0.996999 -0.071604 13.711900 0.062742 0.073337 0.995332 0.000000 0.000000 0.000000 0.000000 1.000000
0.997056 0.018759 -0.074342 0.000000 -0.024092 0.997149 -0.071506 13.711900 0.072789 0.073087 0.994666 0.000000 0.000000 0.000000 0.000000 1.000000
0.996831 0.013504 -0.078399 -0.000000 -0.019148 0.997244 -0.071683 13.711900 0.077215 0.072957 0.994342 0.000000 0.000000 0.000000 0.000000 1.000000
0.996688 0.006003 -0.081097 0.000000 -0.011895 0.997306 -0.072378 13.711900 0.080444 0.073103 0.994075 0.000000 0.000000 0.000000 0.000000 1.000000
0.996217 -0.002981 -0.086852 -0.000000 -0.003244 0.997440 -0.071440 13.711900 0.086843 0.071452 0.993656 0.000000 0.000000 0.000000 0.000000 1.000000
0.995444 -0.008506 -0.094972 0.000000 0.002110 0.997734 -0.067245 13.711900 0.095329 0.066738 0.993206 0.000000 0.000000 0.000000 0.000000 1.000000
0.994567 -0.007704 -0.103816 -0.000000 0.001262 0.998076 -0.061982 13.711900 0.104094 0.061514 0.992663 0.000000 0.000000 0.000000 0.000000 1.000000
0.993566 -0.004027 -0.113183 0.000000 -0.002372 0.998408 -0.056352 13.711900 0.113230 0.056258 0.991975 0.000000 0.000000 0.000000 0.000000 1.000000
0.992504 -0.000446 -0.122211 0.000000 -0.006041 0.998592 -0.052699 13.711900 0.122063 0.053042 0.991104 0.000000 0.000000 0.000000 0.000000 1.000000
0.991876 -0.000550 -0.127205 0.000000 -0.006443 0.998490 -0.054558 13.711900 0.127043 0.054934 0.990375 0.000000 0.000000 0.000000 0.000000 1.000000
0.991658 -0.007271 -0.128694 -0.000000 -0.000130 0.998351 -0.057402 13.711900 0.128899 0.056940 0.990022 -0.000000 0.000000 0.000000 0.000000 1.000000
0.991673 -0.017605 -0.127575 0.000000 0.010430 0.998337 -0.056693 13.711900 0.128361 0.054890 0.990207 0.000000 0.000000 0.000000 0.000000 1.000000
0.992077 -0.029135 -0.122204 0.000000 0.021856 0.997929 -0.060491 13.711900 0.123714 0.057341 0.990660 0.000000 0.000000 0.000000 0.000000 1.000000
0.992013 -0.037837 -0.120325 0.000000 0.029980 0.997339 -0.066446 13.711900 0.122519 0.062308 0.990508 0.000000 0.000000 0.000000 0.000000 1.000000
0.991252 -0.041499 -0.125289 0.000000 0.032809 0.996962 -0.070642 13.711900 0.127840 0.065914 0.989602 0.000000 0.000000 0.000000 0.000000 1.000000
0.991370 -0.041213 -0.124446 -0.000000 0.032349 0.996849 -0.072424 13.711900 0.127039 0.067773 0.989580 -0.000000 0.000000 0.000000 0.000000 1.000000
0.992859 -0.034594 -0.114164 0.000000 0.026220 0.996909 -0.074056 13.711900 0.116373 0.070534 0.990698 0.000000 0.000000 0.000000 0.000000 1.000000
0.994450 -0.026258 -0.101882 0.000000 0.018703 0.997052 -0.074412 13.711900 0.103536 0.072094 0.992010 0.000000 0.000000 0.000000 0.000000 1.000000
0.995699 -0.016978 -0.091076 0.000000 0.010228 0.997201 -0.074067 13.711900 0.092078 0.072817 0.993086 0.000000 0.000000 0.000000 0.000000 1.000000</float_array>
        <technique_common>
          <accessor source="#mixamorig6_Spine2-Matrix-animation-output-transform-array" count="32" stride="16">
            <param type="float4x4"/>
          </accessor>
        </technique_common>
      </source>
      <source id="mixamorig6_Spine2-Interpolations">
        <Name_array id="mixamorig6_Spine2-Interpolations-array" count="32">
 LINEAR LINEAR LINEAR LINEAR LINEAR LINEAR LINEAR LINEAR LINEAR LINEAR LINEAR
LINEAR LINEAR LINEAR LINEAR LINEAR LINEAR LINEAR LINEAR LINEAR LINEAR LINEAR LINEAR
LINEAR LINEAR LINEAR LINEAR LINEAR LINEAR LINEAR LINEAR LINEAR</Name_array>
        <technique_common>
          <accessor source="#mixamorig6_Spine2-Interpolations-array" count="32">
            <param type="name"/>
          </accessor>
        </technique_common>
      </source>
      <sampler id="mixamorig6_Spine2-Matrix-animation-transform">
        <input semantic="INPUT" source="#mixamorig6_Spine2-Matrix-animation-input"/>
        <input semantic="OUTPUT" source="#mixamorig6_Spine2-Matrix-animation-output-transform"/>
        <input semantic="INTERPOLATION" source="#mixamorig6_Spine2-Interpolations"/>
      </sampler>
      <channel source="#mixamorig6_Spine2-Matrix-animation-transform" target="mixamorig6_Spine2/matrix"/>
    </animation>
    <animation id="mixamorig6_Neck-anim" name="mixamorig6_Neck">
      <source id="mixamorig6_Neck-Matrix-animation-input">
        <float_array id="mixamorig6_Neck-Matrix-animation-input-array" count="32">

0.000000 0.033333 0.066667 0.100000 0.133333 0.166667 0.200000 0.233333 0.266667 0.300000 0.333333 0.366667 0.400000 0.433333 0.466667 0.500000
0.533333 0.566667 0.600000 0.633333 0.666667 0.700000 0.733333 0.766667 0.800000 0.833333 0.866667 0.900000 0.933333 0.966667 1.000000 1.033333</float_array>
        <technique_common>
          <accessor source="#mixamorig6_Neck-Matrix-animation-input-array" count="32">
            <param name="TIME" type="float"/>
          </accessor>
        </technique_common>
      </source>
      <source id="mixamorig6_Neck-Matrix-animation-output-transform">
        <float_array id="mixamorig6_Neck-Matrix-animation-output-transform-array" count="512">

0.994486 0.005575 -0.104723 -0.000000 -0.024554 0.983206 -0.180839 15.425900 0.101956 0.182413 0.977922 -0.000000 0.000000 0.000000 0.000000 1.000000
0.994420 0.006484 -0.105290 0.000000 -0.025248 0.983728 -0.177880 15.425900 0.102423 0.179546 0.978403 0.000000 0.000000 0.000000 0.000000 1.000000
0.994345 0.009198 -0.105797 0.000000 -0.027585 0.984415 -0.173681 15.425900 0.102550 0.175618 0.979103 -0.000000 0.000000 0.000000 0.000000 1.000000
0.994222 0.012952 -0.106563 0.000000 -0.030756 0.985448 -0.167170 15.425900 0.102847 0.169481 0.980152 -0.000000 0.000000 0.000000 0.000000 1.000000
0.993997 0.016417 -0.108164 0.000000 -0.033857 0.986303 -0.161432 15.425900 0.104032 0.164125 0.980938 0.000000 0.000000 0.000000 0.000000 1.000000
0.993846 0.019343 -0.109068 -0.000000 -0.036708 0.986510 -0.159534 15.425900 0.104511 0.162555 0.981149 0.000000 0.000000 0.000000 0.000000 1.000000
0.993838 0.019510 -0.109110 0.000000 -0.036723 0.986748 -0.158049 15.425900 0.104581 0.161081 0.981385 0.000000 0.000000 0.000000 0.000000 1.000000
0.993867 0.016594 -0.109332 0.000000 -0.033901 0.986791 -0.158409 15.425900 0.105259 0.161144 0.981302 0.000000 0.000000 0.000000 0.000000 1.000000
0.993928 0.014024 -0.109138 0.000000 -0.031729 0.986244 -0.162220 15.425900 0.105362 0.164698 0.980700 0.000000 0.000000 0.000000 0.000000 1.000000
0.994108 0.014742 -0.107384 0.000000 -0.032393 0.985838 -0.164542 15.425900 0.103437 0.167051 0.980507 0.000000 0.000000 0.000000 0.000000 1.000000
0.994229 0.014876 -0.106246 0.000000 -0.032130 0.986171 -0.162586 15.425900 0.102358 0.165061 0.980958 -0.000000 0.000000 0.000000 0.000000 1.000000
0.994293 0.013086 -0.105878 0.000000 -0.030017 0.986670 -0.159941 15.425900 0.102374 0.162207 0.981432 0.000000 0.000000 0.000000 0.000000 1.000000
0.994479 0.015447 -0.103793 0.000000 -0.031915 0.986774 -0.158931 15.425900 0.099965 0.161366 0.981819 0.000000 0.000000 0.000000 0.000000 1.000000
0.994711 0.022156 -0.100294 0.000000 -0.038057 0.986459 -0.159529 15.425900 0.095402 0.162502 0.982085 0.000000 0.000000 0.000000 0.000000 1.000000
0.994778 0.028164 -0.098101 0.000000 -0.044036 0.985542 -0.163606 15.425900 0.092075 0.167072 0.981636 0.000000 0.000000 0.000000 0.000000 1.000000
0.994720 0.031320 -0.097732 0.000000 -0.047741 0.984200 -0.170503 15.425900 0.090847 0.174269 0.980498 0.000000 0.000000 0.000000 0.000000 1.000000
0.994685 0.032632 -0.097655 0.000000 -0.049514 0.983181 -0.175794 15.425900 0.090276 0.179695 0.979571 0.000000 0.000000 0.000000 0.000000 1.000000
0.994688 0.032847 -0.097553 0.000000 -0.049877 0.982832 -0.177635 15.425900 0.090043 0.181557 0.979249 -0.000000 0.000000 0.000000 0.000000 1.000000
0.994787 0.029688 -0.097556 0.000000 -0.046756 0.982985 -0.177636 15.425900 0.090622 0.181272 0.979249 -0.000000 0.000000 0.000000 0.000000 1.000000
0.994906 0.023687 -0.097980 0.000000 -0.040722 0.983599 -0.175710 15.425900 0.092211 0.178805 0.979554 0.000000 0.000000 0.000000 0.000000 1.000000
0.994815 0.023506 -0.098949 0.000000 -0.040306 0.984380 -0.171383 15.425900 0.093374 0.174483 0.980223 0.000000 0.000000 0.000000 0.000000 1.000000
0.994631 0.023557 -0.100765 -0.000000 -0.040129 0.985351 -0.165751 15.425900 0.095385 0.168905 0.981006 0.000000 0.000000 0.000000 0.000000 1.000000
0.994478 0.021887 -0.102642 0.000000 -0.038245 0.986339 -0.160225 15.425900 0.097733 0.163266 0.981729 -0.000000 0.000000 0.000000 0.000000 1.000000
0.994423 0.022818 -0.102970 0.000000 -0.039081 0.986537 -0.158803 15.425900 0.097960 0.161941 0.981926 0.000000 0.000000 0.000000 0.000000 1.000000
0.994543 0.022578 -0.101857 0.000000 -0.038799 0.986320 -0.160211 15.425900 0.096846 0.163289 0.981813 0.000000 0.000000 0.000000 0.000000 1.000000
0.994751 0.024267 -0.099410 0.000000 -0.040118 0.986186 -0.160710 15.425900 0.094137 0.163855 0.981983 0.000000 0.000000 0.000000 0.000000 1.000000
0.994988 0.023902 -0.097100 0.000000 -0.039607 0.985798 -0.163197 15.425900 0.091820 0.166225 0.981804 -0.000000 0.000000 0.000000 0.000000 1.000000
0.995077 0.013038 -0.098246 0.000000 -0.029654 0.985064 -0.169618 15.425900 0.094567 0.171697 0.980600 -0.000000 0.000000 0.000000 0.000000 1.000000
0.994893 0.009424 -0.100498 0.000000 -0.026552 0.985002 -0.170488 15.425900 0.097384 0.172286 0.980221 0.000000 0.000000 0.000000 0.000000 1.000000
0.994776 0.008750 -0.101709 -0.000000 -0.026245 0.984751 -0.171978 15.425900 0.098653 0.173749 0.979836 0.000000 0.000000 0.000000 0.000000 1.000000
0.994661 0.008233 -0.102871 -0.000000 -0.026455 0.983844 -0.177061 15.425900 0.099751 0.178837 0.978809 -0.000000 0.000000 0.000000 0.000000 1.000000
0.994486 0.005575 -0.104723 -0.000000 -0.024555 0.983206 -0.180839 15.425900 0.101956 0.182413 0.977922 0.000000 0.000000 0.000000 0.000000 1.000000</float_array>
        <technique_common>
          <accessor source="#mixamorig6_Neck-Matrix-animation-output-transform-array" count="32" stride="16">
            <param type="float4x4"/>
          </accessor>
        </technique_common>
      </source>
      <source id="mixamorig6_Neck-Interpolations">
        <Name_array id="mixamorig6_Neck-Interpolations-array" count="32">
 LINEAR LINEAR LINEAR LINEAR LINEAR LINEAR LINEAR LINEAR LINEAR LINEAR LINEAR
LINEAR LINEAR LINEAR LINEAR LINEAR LINEAR LINEAR LINEAR LINEAR LINEAR LINEAR LINEAR
LINEAR LINEAR LINEAR LINEAR LINEAR LINEAR LINEAR LINEAR LINEAR</Name_array>
        <technique_common>
          <accessor source="#mixamorig6_Neck-Interpolations-array" count="32">
            <param type="name"/>
          </accessor>
        </technique_common>
      </source>
      <sampler id="mixamorig6_Neck-Matrix-animation-transform">
        <input semantic="INPUT" source="#mixamorig6_Neck-Matrix-animation-input"/>
        <input semantic="OUTPUT" source="#mixamorig6_Neck-Matrix-animation-output-transform"/>
        <input semantic="INTERPOLATION" source="#mixamorig6_Neck-Interpolations"/>
      </sampler>
      <channel source="#mixamorig6_Neck-Matrix-animation-transform" target="mixamorig6_Neck/matrix"/>
    </animation>
    <animation id="mixamorig6_Head-anim" name="mixamorig6_Head">
      <source id="mixamorig6_Head-Matrix-animation-input">
        <float_array id="mixamorig6_Head-Matrix-animation-input-array" count="32">

0.000000 0.033333 0.066667 0.100000 0.133333 0.166667 0.200000 0.233333 0.266667 0.300000 0.333333 0.366667 0.400000 0.433333 0.466667 0.500000
0.533333 0.566667 0.600000 0.633333 0.666667 0.700000 0.733333 0.766667 0.800000 0.833333 0.866667 0.900000 0.933333 0.966667 1.000000 1.033333</float_array>
        <technique_common>
          <accessor source="#mixamorig6_Head-Matrix-animation-input-array" count="32">
            <param name="TIME" type="float"/>
          </accessor>
        </technique_common>
      </source>
      <source id="mixamorig6_Head-Matrix-animation-output-transform">
        <float_array id="mixamorig6_Head-Matrix-animation-output-transform-array" count="512">

0.994450 0.005396 -0.105068 -0.000000 -0.014482 0.996198 -0.085905 3.779800 0.104205 0.086949 0.990748 1.345900 0.000000 0.000000 0.000000 1.000000
0.994402 0.006068 -0.105493 0.000000 -0.014898 0.996428 -0.083120 3.779800 0.104612 0.084226 0.990940 1.345900 0.000000 0.000000 0.000000 1.000000
0.994332 0.008571 -0.105976 0.000000 -0.017004 0.996735 -0.078928 3.779800 0.104953 0.080283 0.991231 1.345900 0.000000 0.000000 0.000000 1.000000
0.994202 0.012174 -0.106833 -0.000000 -0.019972 0.997188 -0.072234 3.779800 0.105654 0.073949 0.991650 1.345900 0.000000 0.000000 0.000000 1.000000
0.993963 0.015596 -0.108606 0.000000 -0.022884 0.997545 -0.066186 3.779800 0.107307 0.068272 0.991879 1.345900 0.000000 0.000000 0.000000 1.000000
0.993794 0.018561 -0.109676 0.000000 -0.025697 0.997618 -0.064011 3.779800 0.108226 0.066432 0.991904 1.345900 0.000000 0.000000 0.000000 1.000000
0.993783 0.018627 -0.109763 -0.000000 -0.025609 0.997714 -0.062540 3.779800 0.108347 0.064962 0.991988 1.345900 0.000000 0.000000 0.000000 1.000000
0.993832 0.015615 -0.109789 0.000000 -0.022650 0.997748 -0.063131 3.779800 0.108556 0.065228 0.991948 1.345900 0.000000 0.000000 0.000000 1.000000
0.993914 0.013033 -0.109389 -0.000000 -0.020484 0.997524 -0.067270 3.779800 0.108241 0.069102 0.991720 1.345900 0.000000 0.000000 0.000000 1.000000
0.994115 0.013796 -0.107447 0.000000 -0.021390 0.997329 -0.069842 3.779800 0.106197 0.071730 0.991755 1.345900 0.000000 0.000000 0.000000 1.000000
0.994254 0.013997 -0.106123 0.000000 -0.021311 0.997451 -0.068105 3.779800 0.104899 0.069975 0.992018 1.345900 0.000000 0.000000 0.000000 1.000000
0.994342 0.012196 -0.105522 0.000000 -0.019217 0.997649 -0.065778 3.779800 0.104472 0.067434 0.992239 1.345900 0.000000 0.000000 0.000000 1.000000
0.994532 0.014587 -0.103413 0.000000 -0.021372 0.997669 -0.064804 3.779800 0.102227 0.066660 0.992525 1.345900 0.000000 0.000000 0.000000 1.000000
0.994738 0.021471 -0.100173 0.000000 -0.028078 0.997489 -0.065018 3.779800 0.098526 0.067489 0.992843 1.345900 0.000000 0.000000 0.000000 1.000000
0.994779 0.027714 -0.098215 -0.000000 -0.034565 0.997034 -0.068757 3.779800 0.096018 0.071793 0.992787 1.345900 0.000000 0.000000 0.000000 1.000000
0.994706 0.031026 -0.097965 0.000000 -0.038521 0.996396 -0.075566 3.779800 0.095267 0.078940 0.992317 1.345900 0.000000 0.000000 0.000000 1.000000
0.994641 0.032352 -0.098200 0.000000 -0.040371 0.995912 -0.080805 3.779800 0.095184 0.084337 0.991881 1.345900 0.000000 0.000000 0.000000 1.000000
0.994631 0.032656 -0.098201 0.000000 -0.040837 0.995756 -0.082479 3.779800 0.095091 0.086046 0.991743 1.345900 0.000000 0.000000 0.000000 1.000000
0.994739 0.029836 -0.098005 0.000000 -0.037985 0.995878 -0.082362 3.779800 0.095144 0.085652 0.991772 1.345900 0.000000 0.000000 0.000000 1.000000
0.994866 0.024182 -0.098270 -0.000000 -0.032193 0.996212 -0.080774 3.779800 0.095944 0.083522 0.991876 1.345900 0.000000 0.000000 0.000000 1.000000
0.994771 0.023055 -0.099498 -0.000000 -0.030782 0.996568 -0.076839 3.779800 0.097385 0.079500 0.992067 1.345900 0.000000 0.000000 0.000000 1.000000
0.994584 0.022845 -0.101395 0.000000 -0.030209 0.996969 -0.071699 3.779800 0.099450 0.074373 0.992259 1.345900 0.000000 0.000000 0.000000 1.000000
0.994433 0.021750 -0.103097 0.000000 -0.028674 0.997397 -0.066161 3.779800 0.101390 0.068749 0.992468 1.345900 0.000000 0.000000 0.000000 1.000000
0.994370 0.023000 -0.103439 0.000000 -0.029690 0.997533 -0.063612 3.779800 0.101720 0.066325 0.992600 1.345900 0.000000 0.000000 0.000000 1.000000
0.994478 0.023240 -0.102339 0.000000 -0.029989 0.997441 -0.064908 3.779800 0.100569 0.067619 0.992630 1.345900 0.000000 0.000000 0.000000 1.000000
