<?xml version="1.0" encoding="utf-8"?>
<COLLADA xmlns="http://www.collada.org/2005/11/COLLADASchema" version="1.4.1">
  <asset>
    <contributor>
      <author>Mixamo</author>
      <authoring_tool>COLLADA Mixamo exporter</authoring_tool>
      <comments/>
    </contributor>
    <created>2024-03-17T13:55:12Z</created>
    <modified>2024-03-17T13:55:12Z</modified>
    <revision/>
    <title/>
    <unit meter="0.010000"/>
    <up_axis>Y_UP</up_axis>
  </asset>
  <library_animations>
    <animation id="mixamorig6_Hips-anim" name="mixamorig6_Hips">
      <source id="mixamorig6_Hips-Matrix-animation-input">
        <float_array id="mixamorig6_Hips-Matrix-animation-input-array" count="251">

0.000000 0.033333 0.066667 0.100000 0.133333 0.166667 0.200000 0.233333 0.266667 0.300000 0.333333 0.366667 0.400000 0.433333 0.466667 0.500000
0.533333 0.566667 0.600000 0.633333 0.666667 0.700000 0.733333 0.766667 0.800000 0.833333 0.866667 0.900000 0.933333 0.966667 1.000000 1.033333
1.066667 1.100000 1.133333 1.166667 1.200000 1.233333 1.266667 1.300000 1.333333 1.366667 1.400000 1.433333 1.466667 1.500000 1.533333 1.566667
1.600000 1.633333 1.666667 1.700000 1.733333 1.766667 1.800000 1.833333 1.866667 1.900000 1.933333 1.966667 2.000000 2.033333 2.066667 2.100000
2.133333 2.166667 2.200000 2.233333 2.266667 2.300000 2.333333 2.366667 2.400000 2.433333 2.466667 2.500000 2.533333 2.566667 2.600000 2.633333
2.666667 2.700000 2.733333 2.766667 2.800000 2.833333 2.866667 2.900000 2.933333 2.966667 3.000000 3.033333 3.066667 3.100000 3.133333 3.166667
3.200000 3.233333 3.266667 3.300000 3.333333 3.366667 3.400000 3.433333 3.466667 3.500000 3.533333 3.566667 3.600000 3.633333 3.666667 3.700000
3.733333 3.766667 3.800000 3.833333 3.866667 3.900000 3.933333 3.966667 4.000000 4.033333 4.066667 4.100000 4.133333 4.166667 4.200000 4.233333
4.266667 4.300000 4.333333 4.366667 4.400000 4.433333 4.466667 4.500000 4.533333 4.566667 4.600000 4.633333 4.666667 4.700000 4.733333 4.766667
4.800000 4.833333 4.866667 4.900000 4.933333 4.966667 5.000000 5.033333 5.066667 5.100000 5.133333 5.166667 5.200000 5.233333 5.266667 5.300000
5.333333 5.366667 5.400000 5.433333 5.466667 5.500000 5.533333 5.566667 5.600000 5.633333 5.666667 5.700000 5.733333 5.766667 5.800000 5.833333
5.866667 5.900000 5.933333 5.966667 6.000000 6.033333 6.066667 6.100000 6.133333 6.166667 6.200000 6.233333 6.266667 6.300000 6.333333 6.366667
6.400000 6.433333 6.466667 6.500000 6.533333 6.566667 6.600000 6.633333 6.666667 6.700000 6.733333 6.766667 6.800000 6.833333 6.866667 6.900000
6.933333 6.966667 7.000000 7.033333 7.066667 7.100000 7.133333 7.166667 7.200000 7.233333 7.266667 7.300000 7.333333 7.366667 7.400000 7.433333
7.466667 7.500000 7.533333 7.566667 7.600000 7.633333 7.666667 7.700000 7.733333 7.766667 7.800000 7.833333 7.866667 7.900000 7.933333 7.966667
8.000000 8.033333 8.066667 8.100000 8.133333 8.166667 8.200000 8.233333 8.266667 8.300000 8.333333</float_array>
        <technique_common>
          <accessor source="#mixamorig6_Hips-Matrix-animation-input-array" count="251">
            <param name="TIME" type="float"/>
          </accessor>
        </technique_common>
      </source>
      <source id="mixamorig6_Hips-Matrix-animation-output-transform">
        <float_array id="mixamorig6_Hips-Matrix-animation-output-transform-array" count="4016">

0.994098 0.058867 -0.091122 0.046394 -0.053031 0.996463 0.065186 97.601814 0.094637 -0.059969 0.993704 0.168661 0.000000 0.000000 0.000000 1.000000
0.994100 0.058864 -0.091101 0.047237 -0.053059 0.996482 0.064877 97.602448 0.094599 -0.059660 0.993726 0.170258 0.000000 0.000000 0.000000 1.000000
0.994087 0.058852 -0.091254 0.048180 -0.053060 0.996496 0.064649 97.603592 0.094739 -0.059425 0.993727 0.175225 0.000000 0.000000 0.000000 1.000000
0.994069 0.058822 -0.091474 0.049778 -0.053034 0.996509 0.064476 97.605179 0.094947 -0.059243 0.993718 0.182620 0.000000 0.000000 0.000000 1.000000
0.994036 0.058825 -0.091824 0.051380 -0.053024 0.996515 0.064386 97.607307 0.095292 -0.059133 0.993691 0.191337 0.000000 0.000000 0.000000 1.000000
0.993981 0.058856 -0.092400 0.052504 -0.053024 0.996518 0.064345 97.609535 0.095866 -0.059058 0.993641 0.200480 0.000000 0.000000 0.000000 1.000000
0.993910 0.058883 -0.093145 0.053503 -0.053016 0.996524 0.064265 97.611328 0.096605 -0.058935 0.993576 0.209331 0.000000 0.000000 0.000000 1.000000
0.993837 0.058915 -0.093904 0.054621 -0.053013 0.996531 0.064149 97.612122 0.097357 -0.058776 0.993512 0.217694 0.000000 0.000000 0.000000 1.000000
0.993764 0.058976 -0.094627 0.055593 -0.053038 0.996534 0.064093 97.612183 0.098079 -0.058674 0.993447 0.225979 0.000000 0.000000 0.000000 1.000000
0.993689 0.059069 -0.095358 0.056509 -0.053087 0.996531 0.064093 97.612961 0.098813 -0.058627 0.993378 0.234710 0.000000 0.000000 0.000000 1.000000
0.993613 0.059172 -0.096087 0.057885 -0.053156 0.996532 0.064012 97.615097 0.099542 -0.058496 0.993312 0.243700 0.000000 0.000000 0.000000 1.000000
0.993539 0.059257 -0.096794 0.059662 -0.053223 0.996544 0.063773 97.617416 0.100238 -0.058209 0.993259 0.252405 0.000000 0.000000 0.000000 1.000000
0.993470 0.059312 -0.097469 0.061064 -0.053270 0.996562 0.063460 97.618301 0.100898 -0.057853 0.993213 0.260606 0.000000 0.000000 0.000000 1.000000
0.993407 0.059370 -0.098069 0.061549 -0.053322 0.996576 0.063187 97.617760 0.101485 -0.057541 0.993172 0.268308 0.000000 0.000000 0.000000 1.000000
0.993350 0.059474 -0.098581 0.060513 -0.053416 0.996583 0.062995 97.616913 0.101991 -0.057310 0.993133 0.275642 0.000000 0.000000 0.000000 1.000000
0.993293 0.059638 -0.099056 0.056883 -0.053568 0.996584 0.062856 97.616318 0.102466 -0.057128 0.993095 0.282363 0.000000 0.000000 0.000000 1.000000
0.993241 0.059831 -0.099464 0.050407 -0.053757 0.996586 0.062669 97.615410 0.102874 -0.056899 0.993066 0.288107 0.000000 0.000000 0.000000 1.000000
0.993208 0.059990 -0.099698 0.042324 -0.053937 0.996596 0.062346 97.613853 0.103099 -0.056545 0.993063 0.293548 0.000000 0.000000 0.000000 1.000000
0.993193 0.060095 -0.099783 0.034146 -0.054080 0.996614 0.061929 97.612411 0.103167 -0.056111 0.993080 0.300092 0.000000 0.000000 0.000000 1.000000
0.993180 0.060187 -0.099858 0.026268 -0.054207 0.996631 0.061552 97.611755 0.103227 -0.055719 0.993096 0.307964 0.000000 0.000000 0.000000 1.000000
0.993163 0.060296 -0.099954 0.017868 -0.054341 0.996641 0.061274 97.611916 0.103313 -0.055424 0.993103 0.316317 0.000000 0.000000 0.000000 1.000000
0.993158 0.060381 -0.099958 0.008219 -0.054455 0.996652 0.060990 97.612244 0.103306 -0.055129 0.993121 0.325346 0.000000 0.000000 0.000000 1.000000
0.993169 0.060396 -0.099842 -0.002348 -0.054522 0.996675 0.060550 97.612038 0.103167 -0.054693 0.993159 0.336079 0.000000 0.000000 0.000000 1.000000
0.993176 0.060366 -0.099782 -0.012690 -0.054553 0.996707 0.059994 97.611710 0.103075 -0.054141 0.993199 0.349300 0.000000 0.000000 0.000000 1.000000
0.993165 0.060342 -0.099910 -0.022138 -0.054572 0.996735 0.059514 97.612549 0.103175 -0.053655 0.993215 0.365627 0.000000 0.000000 0.000000 1.000000
0.993148 0.060279 -0.100113 -0.030596 -0.054530 0.996756 0.059202 97.614845 0.103357 -0.053337 0.993213 0.385103 0.000000 0.000000 0.000000 1.000000
0.993146 0.060122 -0.100228 -0.038155 -0.054386 0.996774 0.059015 97.617371 0.103453 -0.053160 0.993213 0.406463 0.000000 0.000000 0.000000 1.000000
0.993161 0.059889 -0.100218 -0.045190 -0.054161 0.996791 0.058938 97.618439 0.103426 -0.053107 0.993218 0.427501 0.000000 0.000000 0.000000 1.000000
0.993189 0.059642 -0.100092 -0.052592 -0.053913 0.996801 0.059006 97.617935 0.103291 -0.053208 0.993227 0.447137 0.000000 0.000000 0.000000 1.000000
0.993226 0.059407 -0.099867 -0.061421 -0.053668 0.996802 0.059203 97.617493 0.103065 -0.053442 0.993238 0.467052 0.000000 0.000000 0.000000 1.000000
0.993259 0.059191 -0.099661 -0.072577 -0.053432 0.996797 0.059498 97.618347 0.102863 -0.053772 0.993241 0.489944 0.000000 0.000000 0.000000 1.000000
0.993275 0.059013 -0.099612 -0.086041 -0.053214 0.996785 0.059905 97.619797 0.102827 -0.054201 0.993221 0.515995 0.000000 0.000000 0.000000 1.000000
0.993279 0.058873 -0.099655 -0.100411 -0.053020 0.996765 0.060396 97.620697 0.102889 -0.054707 0.993187 0.542328 0.000000 0.000000 0.000000 1.000000
0.993291 0.058748 -0.099611 -0.113890 -0.052846 0.996745 0.060890 97.620987 0.102864 -0.055218 0.993162 0.566258 0.000000 0.000000 0.000000 1.000000
0.993315 0.058620 -0.099447 -0.126283 -0.052677 0.996725 0.061362 97.621002 0.102718 -0.055714 0.993149 0.586907 0.000000 0.000000 0.000000 1.000000
0.993350 0.058463 -0.099181 -0.138117 -0.052484 0.996704 0.061857 97.620804 0.102471 -0.056240 0.993145 0.604055 0.000000 0.000000 0.000000 1.000000
0.993406 0.058258 -0.098747 -0.149511 -0.052247 0.996682 0.062408 97.620445 0.102055 -0.056837 0.993154 0.617953 0.000000 0.000000 0.000000 1.000000
0.993488 0.057985 -0.098075 -0.160352 -0.051954 0.996662 0.062968 97.620041 0.101399 -0.057463 0.993185 0.629462 0.000000 0.000000 0.000000 1.000000
0.993595 0.057620 -0.097203 -0.170238 -0.051588 0.996650 0.063466 97.620026 0.100534 -0.058045 0.993239 0.639063 0.000000 0.000000 0.000000 1.000000
0.993718 0.057175 -0.096208 -0.178770 -0.051159 0.996645 0.063880 97.620186 0.099537 -0.058557 0.993309 0.645715 0.000000 0.000000 0.000000 1.000000
0.993852 0.056719 -0.095087 -0.186584 -0.050735 0.996646 0.064213 97.619446 0.098410 -0.058994 0.993396 0.648252 0.000000 0.000000 0.000000 1.000000
0.993997 0.056325 -0.093793 -0.195542 -0.050392 0.996646 0.064472 97.616959 0.097109 -0.059358 0.993502 0.647497 0.000000 0.000000 0.000000 1.000000
0.994149 0.055987 -0.092376 -0.206393 -0.050117 0.996646 0.064691 97.613052 0.095688 -0.059683 0.993621 0.644998 0.000000 0.000000 0.000000 1.000000
0.994297 0.055653 -0.090978 -0.218302 -0.049843 0.996644 0.064936 97.608902 0.094286 -0.060031 0.993734 0.641444 0.000000 0.000000 0.000000 1.000000
0.994430 0.055319 -0.089713 -0.231140 -0.049557 0.996639 0.065222 97.605438 0.093020 -0.060413 0.993830 0.636941 0.000000 0.000000 0.000000 1.000000
0.994545 0.055013 -0.088618 -0.245700 -0.049294 0.996636 0.065478 97.602516 0.091922 -0.060753 0.993911 0.632105 0.000000 0.000000 0.000000 1.000000
0.994643 0.054738 -0.087688 -0.262155 -0.049058 0.996635 0.065671 97.599533 0.090988 -0.061017 0.993981 0.628442 0.000000 0.000000 0.000000 1.000000
0.994723 0.054484 -0.086934 -0.279882 -0.048833 0.996634 0.065853 97.597237 0.090229 -0.061260 0.994035 0.626768 0.000000 0.000000 0.000000 1.000000
0.994785 0.054260 -0.086368 -0.299125 -0.048626 0.996631 0.066054 97.596237 0.089661 -0.061509 0.994071 0.626343 0.000000 0.000000 0.000000 1.000000
0.994831 0.054080 -0.085947 -0.320043 -0.048456 0.996628 0.066223 97.595535 0.089238 -0.061716 0.994096 0.626130 0.000000 0.000000 0.000000 1.000000
0.994868 0.053931 -0.085609 -0.340994 -0.048323 0.996630 0.066282 97.594406 0.088895 -0.061805 0.994122 0.626076 0.000000 0.000000 0.000000 1.000000
0.994896 0.053784 -0.085382 -0.359998 -0.048195 0.996640 0.066223 97.593170 0.088657 -0.061770 0.994145 0.627166 0.000000 0.000000 0.000000 1.000000
0.994905 0.053626 -0.085372 -0.377128 -0.048044 0.996653 0.066145 97.592438 0.088633 -0.061706 0.994151 0.630436 0.000000 0.000000 0.000000 1.000000
0.994892 0.053478 -0.085620 -0.392722 -0.047882 0.996661 0.066131 97.592690 0.088871 -0.061694 0.994131 0.636426 0.000000 0.000000 0.000000 1.000000
0.994864 0.053340 -0.086024 -0.405945 -0.047713 0.996666 0.066188 97.593948 0.089268 -0.061744 0.994092 0.644797 0.000000 0.000000 0.000000 1.000000
0.994837 0.053194 -0.086432 -0.416508 -0.047533 0.996668 0.066288 97.595474 0.089670 -0.061837 0.994050 0.654297 0.000000 0.000000 0.000000 1.000000
0.994814 0.053038 -0.086791 -0.425372 -0.047343 0.996669 0.066409 97.596786 0.090025 -0.061956 0.994011 0.663764 0.000000 0.000000 0.000000 1.000000
0.994791 0.052889 -0.087147 -0.433155 -0.047157 0.996667 0.066566 97.597710 0.090377 -0.062110 0.993969 0.673270 0.000000 0.000000 0.000000 1.000000
0.994762 0.052767 -0.087540 -0.439233 -0.046992 0.996661 0.066773 97.598206 0.090772 -0.062310 0.993921 0.683206 0.000000 0.000000 0.000000 1.000000
0.994727 0.052683 -0.087995 -0.443619 -0.046857 0.996651 0.067012 97.598434 0.091231 -0.062535 0.993864 0.693081 0.000000 0.000000 0.000000 1.000000
0.994684 0.052627 -0.088516 -0.447300 -0.046745 0.996639 0.067267 97.598381 0.091758 -0.062772 0.993801 0.702368 0.000000 0.000000 0.000000 1.000000
0.994640 0.052590 -0.089028 -0.451093 -0.046650 0.996626 0.067536 97.597702 0.092280 -0.063021 0.993737 0.711169 0.000000 0.000000 0.000000 1.000000
0.994604 0.052591 -0.089429 -0.455073 -0.046600 0.996609 0.067812 97.596527 0.092692 -0.063279 0.993682 0.719951 0.000000 0.000000 0.000000 1.000000
0.994572 0.052643 -0.089747 -0.458355 -0.046605 0.996589 0.068104 97.595642 0.093026 -0.063552 0.993633 0.728625 0.000000 0.000000 0.000000 1.000000
0.994537 0.052721 -0.090096 -0.459517 -0.046630 0.996566 0.068429 97.595352 0.093394 -0.063854 0.993579 0.735996 0.000000 0.000000 0.000000 1.000000
0.994502 0.052813 -0.090429 -0.458501 -0.046665 0.996538 0.068807 97.595528 0.093750 -0.064209 0.993523 0.742061 0.000000 0.000000 0.000000 1.000000
0.994483 0.052935 -0.090564 -0.456653 -0.046737 0.996504 0.069246 97.595718 0.093913 -0.064631 0.993480 0.748650 0.000000 0.000000 0.000000 1.000000
0.994485 0.053087 -0.090456 -0.455022 -0.046850 0.996465 0.069729 97.595238 0.093838 -0.065106 0.993456 0.756116 0.000000 0.000000 0.000000 1.000000
0.994496 0.053241 -0.090239 -0.453152 -0.046973 0.996425 0.070215 97.593834 0.093655 -0.065590 0.993442 0.762425 0.000000 0.000000 0.000000 1.000000
0.994509 0.053379 -0.090010 -0.450712 -0.047083 0.996387 0.070682 97.592148 0.093457 -0.066056 0.993430 0.766408 0.000000 0.000000 0.000000 1.000000
0.994531 0.053501 -0.089698 -0.448766 -0.047182 0.996350 0.071143 97.590439 0.093177 -0.066522 0.993425 0.769299 0.000000 0.000000 0.000000 1.000000
0.994572 0.053614 -0.089171 -0.448889 -0.047285 0.996309 0.071639 97.587959 0.092682 -0.067034 0.993437 0.773107 0.000000 0.000000 0.000000 1.000000
0.994634 0.053708 -0.088425 -0.450872 -0.047377 0.996264 0.072205 97.584351 0.091973 -0.067628 0.993462 0.778026 0.000000 0.000000 0.000000 1.000000
0.994705 0.053762 -0.087593 -0.453140 -0.047429 0.996215 0.072845 97.579880 0.091177 -0.068305 0.993489 0.782292 0.000000 0.000000 0.000000 1.000000
0.994778 0.053779 -0.086742 -0.455898 -0.047444 0.996165 0.073516 97.575027 0.090363 -0.069017 0.993515 0.784904 0.000000 0.000000 0.000000 1.000000
0.994857 0.053779 -0.085837 -0.461144 -0.047449 0.996118 0.074147 97.570030 0.089491 -0.069692 0.993546 0.786835 0.000000 0.000000 0.000000 1.000000
0.994941 0.053765 -0.084863 -0.469977 -0.047454 0.996076 0.074704 97.564850 0.088546 -0.070299 0.993588 0.789258 0.000000 0.000000 0.000000 1.000000
0.995032 0.053720 -0.083816 -0.482776 -0.047443 0.996041 0.075174 97.559723 0.087523 -0.070824 0.993642 0.793171 0.000000 0.000000 0.000000 1.000000
0.995131 0.053631 -0.082695 -0.499089 -0.047403 0.996017 0.075517 97.555763 0.086416 -0.071229 0.993710 0.799701 0.000000 0.000000 0.000000 1.000000
0.995228 0.053512 -0.081591 -0.516899 -0.047347 0.996005 0.075706 97.554123 0.085316 -0.071482 0.993786 0.808812 0.000000 0.000000 0.000000 1.000000
0.995310 0.053408 -0.080657 -0.535005 -0.047303 0.996001 0.075792 97.553925 0.084383 -0.071621 0.993856 0.819649 0.000000 0.000000 0.000000 1.000000
0.995367 0.053326 -0.080009 -0.553016 -0.047260 0.995996 0.075883 97.553856 0.083735 -0.071750 0.993902 0.832166 0.000000 0.000000 0.000000 1.000000
0.995403 0.053214 -0.079637 -0.570457 -0.047161 0.995988 0.076048 97.553543 0.083364 -0.071942 0.993919 0.846546 0.000000 0.000000 0.000000 1.000000
0.995429 0.053038 -0.079428 -0.587883 -0.046981 0.995979 0.076279 97.553032 0.083155 -0.072198 0.993918 0.862411 0.000000 0.000000 0.000000 1.000000
0.995453 0.052831 -0.079258 -0.607432 -0.046765 0.995970 0.076535 97.552322 0.082982 -0.072480 0.993912 0.879532 0.000000 0.000000 0.000000 1.000000
0.995480 0.052659 -0.079038 -0.630568 -0.046589 0.995959 0.076777 97.551628 0.082761 -0.072748 0.993911 0.897998 0.000000 0.000000 0.000000 1.000000
0.995508 0.052529 -0.078773 -0.655634 -0.046461 0.995949 0.076981 97.550964 0.082497 -0.072976 0.993916 0.917314 0.000000 0.000000 0.000000 1.000000
0.995531 0.052383 -0.078572 -0.678866 -0.046316 0.995943 0.077153 97.550491 0.082294 -0.073169 0.993918 0.936525 0.000000 0.000000 0.000000 1.000000
0.995544 0.052192 -0.078533 -0.698290 -0.046113 0.995939 0.077319 97.550911 0.082249 -0.073353 0.993909 0.955693 0.000000 0.000000 0.000000 1.000000
0.995545 0.051989 -0.078660 -0.715137 -0.045888 0.995938 0.077475 97.552689 0.082368 -0.073520 0.993886 0.975773 0.000000 0.000000 0.000000 1.000000
0.995536 0.051807 -0.078897 -0.730946 -0.045678 0.995938 0.077597 97.555359 0.082596 -0.073647 0.993858 0.996231 0.000000 0.000000 0.000000 1.000000
0.995520 0.051627 -0.079217 -0.744435 -0.045463 0.995937 0.077736 97.557175 0.082908 -0.073787 0.993822 1.013704 0.000000 0.000000 0.000000 1.000000
0.995500 0.051427 -0.079595 -0.753751 -0.045213 0.995928 0.077989 97.557549 0.083282 -0.074039 0.993772 1.025045 0.000000 0.000000 0.000000 1.000000
0.995482 0.051241 -0.079935 -0.759620 -0.044971 0.995910 0.078368 97.557701 0.083624 -0.074420 0.993715 1.030557 0.000000 0.000000 0.000000 1.000000
0.995470 0.051098 -0.080179 -0.763111 -0.044777 0.995889 0.078746 97.559525 0.083873 -0.074799 0.993665 1.032057 0.000000 0.000000 0.000000 1.000000
0.995461 0.050952 -0.080385 -0.762909 -0.044599 0.995881 0.078937 97.563324 0.084076 -0.074993 0.993633 1.030422 0.000000 0.000000 0.000000 1.000000
0.995453 0.050744 -0.080617 -0.757313 -0.044381 0.995898 0.078855 97.567551 0.084287 -0.074918 0.993621 1.025622 0.000000 0.000000 0.000000 1.000000
0.995446 0.050479 -0.080869 -0.746881 -0.044120 0.995932 0.078572 97.570396 0.084506 -0.074646 0.993623 1.016663 0.000000 0.000000 0.000000 1.000000
0.995440 0.050202 -0.081108 -0.734195 -0.043857 0.995972 0.078203 97.571785 0.084707 -0.074289 0.993633 1.002833 0.000000 0.000000 0.000000 1.000000
0.995437 0.049951 -0.081304 -0.721499 -0.043625 0.996013 0.077808 97.572861 0.084866 -0.073906 0.993648 0.985604 0.000000 0.000000 0.000000 1.000000
0.995435 0.049731 -0.081461 -0.709193 -0.043426 0.996053 0.077416 97.574562 0.084990 -0.073525 0.993665 0.966935 0.000000 0.000000 0.000000 1.000000
0.995431 0.049535 -0.081632 -0.696391 -0.043247 0.996087 0.077079 97.576599 0.085131 -0.073196 0.993678 0.947580 0.000000 0.000000 0.000000 1.000000
0.995423 0.049355 -0.081841 -0.682185 -0.043074 0.996115 0.076809 97.578812 0.085314 -0.072932 0.993681 0.928459 0.000000 0.000000 0.000000 1.000000
0.995412 0.049185 -0.082072 -0.666396 -0.042909 0.996142 0.076550 97.581558 0.085521 -0.072677 0.993682 0.910939 0.000000 0.000000 0.000000 1.000000
0.995399 0.049044 -0.082318 -0.649859 -0.042777 0.996171 0.076244 97.585022 0.085742 -0.072372 0.993685 0.895012 0.000000 0.000000 0.000000 1.000000
0.995379 0.048964 -0.082601 -0.634024 -0.042707 0.996201 0.075888 97.588364 0.086003 -0.072009 0.993689 0.878935 0.000000 0.000000 0.000000 1.000000
0.995353 0.048925 -0.082933 -0.619612 -0.042680 0.996233 0.075482 97.590942 0.086314 -0.071592 0.993692 0.862135 0.000000 0.000000 0.000000 1.000000
0.995326 0.048865 -0.083299 -0.605520 -0.042636 0.996272 0.074989 97.593704 0.086652 -0.071087 0.993699 0.846667 0.000000 0.000000 0.000000 1.000000
0.995299 0.048777 -0.083669 -0.589889 -0.042574 0.996320 0.074388 97.597763 0.086989 -0.070477 0.993713 0.833922 0.000000 0.000000 0.000000 1.000000
0.995271 0.048731 -0.084030 -0.572625 -0.042560 0.996369 0.073735 97.602394 0.087318 -0.069810 0.993731 0.822574 0.000000 0.000000 0.000000 1.000000
0.995241 0.048752 -0.084370 -0.555065 -0.042612 0.996413 0.073112 97.606789 0.087632 -0.069169 0.993749 0.812432 0.000000 0.000000 0.000000 1.000000
0.995212 0.048761 -0.084710 -0.537310 -0.042643 0.996450 0.072593 97.611855 0.087949 -0.068633 0.993758 0.806874 0.000000 0.000000 0.000000 1.000000
0.995182 0.048672 -0.085114 -0.518180 -0.042557 0.996479 0.072236 97.618248 0.088331 -0.068266 0.993749 0.807845 0.000000 0.000000 0.000000 1.000000
0.995147 0.048510 -0.085614 -0.497945 -0.042376 0.996499 0.072074 97.624535 0.088810 -0.068097 0.993718 0.812184 0.000000 0.000000 0.000000 1.000000
0.995108 0.048387 -0.086128 -0.478851 -0.042214 0.996503 0.072106 97.629112 0.089316 -0.068118 0.993671 0.815651 0.000000 0.000000 0.000000 1.000000
0.995076 0.048356 -0.086517 -0.463056 -0.042140 0.996493 0.072286 97.632111 0.089709 -0.068284 0.993624 0.817660 0.000000 0.000000 0.000000 1.000000
0.995058 0.048371 -0.086720 -0.450412 -0.042119 0.996477 0.072528 97.634529 0.089922 -0.068517 0.993589 0.820564 0.000000 0.000000 0.000000 1.000000
0.995050 0.048360 -0.086815 -0.438963 -0.042079 0.996461 0.072771 97.636787 0.090026 -0.068757 0.993563 0.825641 0.000000 0.000000 0.000000 1.000000
0.995043 0.048309 -0.086928 -0.427250 -0.041999 0.996446 0.073011 97.639069 0.090146 -0.068999 0.993536 0.832001 0.000000 0.000000 0.000000 1.000000
0.995028 0.048265 -0.087118 -0.415566 -0.041920 0.996432 0.073250 97.641708 0.090342 -0.069234 0.993501 0.838349 0.000000 0.000000 0.000000 1.000000
0.995009 0.048270 -0.087334 -0.405304 -0.041892 0.996420 0.073438 97.644386 0.090567 -0.069413 0.993468 0.843406 0.000000 0.000000 0.000000 1.000000
0.994992 0.048316 -0.087497 -0.397248 -0.041919 0.996412 0.073525 97.646004 0.090735 -0.069489 0.993448 0.845844 0.000000 0.000000 0.000000 1.000000
0.994982 0.048369 -0.087591 -0.390475 -0.041967 0.996411 0.073506 97.646698 0.090832 -0.069461 0.993441 0.845631 0.000000 0.000000 0.000000 1.000000
0.994974 0.048414 -0.087655 -0.383768 -0.042016 0.996416 0.073418 97.647865 0.090895 -0.069366 0.993442 0.844259 0.000000 0.000000 0.000000 1.000000
0.994967 0.048471 -0.087698 -0.377563 -0.042080 0.996421 0.073309 97.649689 0.090937 -0.069250 0.993446 0.842783 0.000000 0.000000 0.000000 1.000000
0.994964 0.048553 -0.087687 -0.372784 -0.042173 0.996425 0.073209 97.651581 0.090928 -0.069142 0.993454 0.841573 0.000000 0.000000 0.000000 1.000000
0.994964 0.048648 -0.087639 -0.369450 -0.042281 0.996428 0.073096 97.653610 0.090882 -0.069023 0.993467 0.841375 0.000000 0.000000 0.000000 1.000000
0.994960 0.048736 -0.087633 -0.366967 -0.042385 0.996436 0.072930 97.655655 0.090875 -0.068848 0.993480 0.842482 0.000000 0.000000 0.000000 1.000000
0.994949 0.048834 -0.087701 -0.365238 -0.042498 0.996447 0.072714 97.656387 0.090940 -0.068620 0.993489 0.843883 0.000000 0.000000 0.000000 1.000000
0.994935 0.048972 -0.087779 -0.364817 -0.042650 0.996455 0.072513 97.654716 0.091019 -0.068402 0.993497 0.844226 0.000000 0.000000 0.000000 1.000000
0.994926 0.049152 -0.087783 -0.366583 -0.042843 0.996457 0.072373 97.651596 0.091029 -0.068245 0.993507 0.843459 0.000000 0.000000 0.000000 1.000000
0.994925 0.049346 -0.087690 -0.371216 -0.043052 0.996455 0.072281 97.648483 0.090946 -0.068139 0.993522 0.842711 0.000000 0.000000 0.000000 1.000000
0.994928 0.049535 -0.087546 -0.377881 -0.043255 0.996449 0.072233 97.646049 0.090813 -0.068080 0.993538 0.843339 0.000000 0.000000 0.000000 1.000000
0.994930 0.049712 -0.087418 -0.384769 -0.043442 0.996442 0.072220 97.643974 0.090698 -0.068056 0.993550 0.845861 0.000000 0.000000 0.000000 1.000000
0.994927 0.049876 -0.087361 -0.391372 -0.043613 0.996437 0.072186 97.641830 0.090650 -0.068010 0.993558 0.850085 0.000000 0.000000 0.000000 1.000000
0.994918 0.050019 -0.087391 -0.399213 -0.043764 0.996438 0.072079 97.639107 0.090685 -0.067888 0.993563 0.855208 0.000000 0.000000 0.000000 1.000000
0.994902 0.050148 -0.087498 -0.409511 -0.043904 0.996447 0.071877 97.635239 0.090792 -0.067669 0.993568 0.859557 0.000000 0.000000 0.000000 1.000000
0.994880 0.050294 -0.087663 -0.421554 -0.044067 0.996462 0.071569 97.631302 0.090952 -0.067340 0.993576 0.862325 0.000000 0.000000 0.000000 1.000000
0.994851 0.050477 -0.087882 -0.433293 -0.044271 0.996480 0.071186 97.629295 0.091166 -0.066929 0.993584 0.865068 0.000000 0.000000 0.000000 1.000000
0.994814 0.050681 -0.088186 -0.443862 -0.044492 0.996499 0.070785 97.629639 0.091465 -0.066495 0.993586 0.870113 0.000000 0.000000 0.000000 1.000000
0.994769 0.050862 -0.088590 -0.454036 -0.044684 0.996519 0.070382 97.630226 0.091861 -0.066055 0.993578 0.877813 0.000000 0.000000 0.000000 1.000000
0.994721 0.050986 -0.089054 -0.463617 -0.044816 0.996542 0.069970 97.629333 0.092314 -0.065610 0.993566 0.886456 0.000000 0.000000 0.000000 1.000000
0.994675 0.051070 -0.089514 -0.471932 -0.044904 0.996564 0.069596 97.627441 0.092760 -0.065206 0.993551 0.894968 0.000000 0.000000 0.000000 1.000000
0.994636 0.051140 -0.089907 -0.479705 -0.044975 0.996581 0.069314 97.625961 0.093145 -0.064898 0.993535 0.903980 0.000000 0.000000 0.000000 1.000000
0.994606 0.051194 -0.090217 -0.487498 -0.045029 0.996594 0.069087 97.625244 0.093446 -0.064652 0.993523 0.914196 0.000000 0.000000 0.000000 1.000000
0.994579 0.051209 -0.090495 -0.494779 -0.045052 0.996611 0.068822 97.625130 0.093713 -0.064372 0.993516 0.925562 0.000000 0.000000 0.000000 1.000000
0.994551 0.051169 -0.090827 -0.501009 -0.045022 0.996636 0.068481 97.625542 0.094026 -0.064019 0.993509 0.937979 0.000000 0.000000 0.000000 1.000000
0.994517 0.051083 -0.091247 -0.506189 -0.044944 0.996665 0.068105 97.626381 0.094422 -0.063631 0.993497 0.951110 0.000000 0.000000 0.000000 1.000000
0.994481 0.050983 -0.091699 -0.510609 -0.044851 0.996695 0.067731 97.627167 0.094849 -0.063245 0.993481 0.963699 0.000000 0.000000 0.000000 1.000000
0.994449 0.050906 -0.092083 -0.514811 -0.044786 0.996724 0.067351 97.627815 0.095210 -0.062853 0.993471 0.974335 0.000000 0.000000 0.000000 1.000000
0.994427 0.050859 -0.092349 -0.519613 -0.044762 0.996753 0.066936 97.628349 0.095453 -0.062429 0.993474 0.983047 0.000000 0.000000 0.000000 1.000000
0.994411 0.050818 -0.092539 -0.525072 -0.044753 0.996784 0.066480 97.628143 0.095620 -0.061967 0.993487 0.991464 0.000000 0.000000 0.000000 1.000000
0.994396 0.050750 -0.092742 -0.529545 -0.044713 0.996814 0.066052 97.627655 0.095799 -0.061535 0.993497 1.001459 0.000000 0.000000 0.000000 1.000000
0.994376 0.050659 -0.093003 -0.531294 -0.044637 0.996838 0.065735 97.628654 0.096039 -0.061214 0.993494 1.013510 0.000000 0.000000 0.000000 1.000000
0.994353 0.050583 -0.093297 -0.530718 -0.044561 0.996855 0.065536 97.631332 0.096319 -0.061009 0.993479 1.026032 0.000000 0.000000 0.000000 1.000000
0.994327 0.050538 -0.093595 -0.529640 -0.044508 0.996864 0.065431 97.633423 0.096608 -0.060894 0.993458 1.037277 0.000000 0.000000 0.000000 1.000000
0.994303 0.050502 -0.093866 -0.528874 -0.044455 0.996866 0.065436 97.633583 0.096877 -0.060890 0.993432 1.047580 0.000000 0.000000 0.000000 1.000000
0.994287 0.050455 -0.094063 -0.528369 -0.044381 0.996860 0.065584 97.632431 0.097076 -0.061035 0.993404 1.057754 0.000000 0.000000 0.000000 1.000000
0.994279 0.050423 -0.094160 -0.528456 -0.044317 0.996845 0.065846 97.630928 0.097183 -0.061296 0.993377 1.067187 0.000000 0.000000 0.000000 1.000000
0.994274 0.050447 -0.094209 -0.529064 -0.044307 0.996825 0.066164 97.630096 0.097247 -0.061611 0.993351 1.075706 0.000000 0.000000 0.000000 1.000000
0.994263 0.050548 -0.094264 -0.530028 -0.044371 0.996798 0.066514 97.630661 0.097324 -0.061949 0.993323 1.084327 0.000000 0.000000 0.000000 1.000000
0.994250 0.050716 -0.094309 -0.532078 -0.044502 0.996769 0.066866 97.631485 0.097396 -0.062284 0.993295 1.092923 0.000000 0.000000 0.000000 1.000000
0.994242 0.050930 -0.094282 -0.535896 -0.044684 0.996738 0.067209 97.630402 0.097397 -0.062609 0.993274 1.099838 0.000000 0.000000 0.000000 1.000000
0.994238 0.051175 -0.094193 -0.540048 -0.044898 0.996702 0.067601 97.626785 0.097342 -0.062982 0.993256 1.102969 0.000000 0.000000 0.000000 1.000000
0.994229 0.051437 -0.094148 -0.541446 -0.045116 0.996660 0.068071 97.622208 0.097335 -0.063430 0.993228 1.100594 0.000000 0.000000 0.000000 1.000000
0.994216 0.051684 -0.094141 -0.539375 -0.045320 0.996620 0.068519 97.617577 0.097364 -0.063856 0.993198 1.092869 0.000000 0.000000 0.000000 1.000000
0.994221 0.051906 -0.093968 -0.538045 -0.045521 0.996587 0.068857 97.612251 0.097222 -0.064182 0.993191 1.083414 0.000000 0.000000 0.000000 1.000000
0.994250 0.052118 -0.093549 -0.540661 -0.045732 0.996557 0.069151 97.606201 0.096831 -0.064475 0.993210 1.077050 0.000000 0.000000 0.000000 1.000000
0.994282 0.052310 -0.093101 -0.544521 -0.045918 0.996523 0.069522 97.600891 0.096414 -0.064850 0.993227 1.075716 0.000000 0.000000 0.000000 1.000000
0.994300 0.052465 -0.092819 -0.546034 -0.046042 0.996481 0.070036 97.596855 0.096167 -0.065363 0.993217 1.078677 0.000000 0.000000 0.000000 1.000000
0.994306 0.052598 -0.092672 -0.545120 -0.046118 0.996429 0.070729 97.592873 0.096061 -0.066053 0.993181 1.084050 0.000000 0.000000 0.000000 1.000000
0.994314 0.052743 -0.092509 -0.544181 -0.046191 0.996364 0.071593 97.587563 0.095949 -0.066913 0.993135 1.089837 0.000000 0.000000 0.000000 1.000000
0.994333 0.052895 -0.092221 -0.545523 -0.046270 0.996291 0.072549 97.580574 0.095716 -0.067871 0.993092 1.094511 0.000000 0.000000 0.000000 1.000000
0.994364 0.053048 -0.091790 -0.550440 -0.046359 0.996215 0.073528 97.572067 0.095343 -0.068859 0.993060 1.096903 0.000000 0.000000 0.000000 1.000000
0.994404 0.053233 -0.091254 -0.559148 -0.046490 0.996137 0.074496 97.563377 0.094867 -0.069837 0.993037 1.097017 0.000000 0.000000 0.000000 1.000000
0.994446 0.053448 -0.090664 -0.571108 -0.046665 0.996064 0.075357 97.556595 0.094335 -0.070708 0.993026 1.097058 0.000000 0.000000 0.000000 1.000000
0.994495 0.053613 -0.090035 -0.585292 -0.046817 0.996011 0.075967 97.553017 0.093748 -0.071333 0.993037 1.099170 0.000000 0.000000 0.000000 1.000000
0.994550 0.053664 -0.089386 -0.600247 -0.046883 0.995982 0.076305 97.551765 0.093122 -0.071699 0.993070 1.101625 0.000000 0.000000 0.000000 1.000000
0.994605 0.053618 -0.088806 -0.613953 -0.046864 0.995970 0.076468 97.551201 0.092549 -0.071893 0.993109 1.099859 0.000000 0.000000 0.000000 1.000000
0.994649 0.053539 -0.088359 -0.625366 -0.046813 0.995969 0.076509 97.550278 0.092099 -0.071964 0.993146 1.091780 0.000000 0.000000 0.000000 1.000000
0.994688 0.053490 -0.087948 -0.636367 -0.046800 0.995975 0.076446 97.548676 0.091683 -0.071924 0.993187 1.080399 0.000000 0.000000 0.000000 1.000000
0.994728 0.053472 -0.087501 -0.648569 -0.046826 0.995984 0.076314 97.546600 0.091230 -0.071815 0.993237 1.069705 0.000000 0.000000 0.000000 1.000000
0.994760 0.053405 -0.087176 -0.659031 -0.046796 0.995996 0.076169 97.545464 0.090895 -0.071691 0.993277 1.060021 0.000000 0.000000 0.000000 1.000000
0.994775 0.053247 -0.087107 -0.664755 -0.046654 0.996013 0.076041 97.546249 0.090809 -0.071580 0.993293 1.050159 0.000000 0.000000 0.000000 1.000000
0.994778 0.053038 -0.087201 -0.666677 -0.046450 0.996032 0.075918 97.548225 0.090881 -0.071471 0.993294 1.039212 0.000000 0.000000 0.000000 1.000000
0.994780 0.052841 -0.087294 -0.667341 -0.046261 0.996053 0.075758 97.549774 0.090953 -0.071324 0.993298 1.026282 0.000000 0.000000 0.000000 1.000000
0.994784 0.052689 -0.087347 -0.667606 -0.046125 0.996075 0.075541 97.550125 0.090985 -0.071118 0.993310 1.011614 0.000000 0.000000 0.000000 1.000000
0.994782 0.052587 -0.087430 -0.666614 -0.046036 0.996096 0.075320 97.549889 0.091049 -0.070902 0.993319 0.996775 0.000000 0.000000 0.000000 1.000000
0.994772 0.052517 -0.087586 -0.663779 -0.045969 0.996111 0.075167 97.550026 0.091193 -0.070748 0.993317 0.982627 0.000000 0.000000 0.000000 1.000000
0.994758 0.052453 -0.087776 -0.659783 -0.045900 0.996121 0.075076 97.551048 0.091373 -0.070654 0.993307 0.968723 0.000000 0.000000 0.000000 1.000000
0.994747 0.052388 -0.087939 -0.655496 -0.045834 0.996132 0.074964 97.552574 0.091527 -0.070540 0.993301 0.954697 0.000000 0.000000 0.000000 1.000000
0.994737 0.052342 -0.088082 -0.650624 -0.045793 0.996147 0.074797 97.553734 0.091658 -0.070370 0.993301 0.940199 0.000000 0.000000 0.000000 1.000000
0.994723 0.052339 -0.088241 -0.643321 -0.045792 0.996158 0.074653 97.553520 0.091809 -0.070218 0.993298 0.923371 0.000000 0.000000 0.000000 1.000000
0.994709 0.052397 -0.088366 -0.632504 -0.045846 0.996159 0.074600 97.551979 0.091935 -0.070154 0.993291 0.901759 0.000000 0.000000 0.000000 1.000000
0.994706 0.052515 -0.088332 -0.619775 -0.045971 0.996157 0.074556 97.550346 0.091908 -0.070100 0.993297 0.874888 0.000000 0.000000 0.000000 1.000000
0.994718 0.052673 -0.088098 -0.607792 -0.046161 0.996160 0.074392 97.549515 0.091678 -0.069933 0.993330 0.843712 0.000000 0.000000 0.000000 1.000000
0.994735 0.052875 -0.087792 -0.596205 -0.046410 0.996169 0.074117 97.549194 0.091375 -0.069652 0.993378 0.809012 0.000000 0.000000 0.000000 1.000000
0.994735 0.053134 -0.087626 -0.581711 -0.046707 0.996176 0.073838 97.549347 0.091214 -0.069356 0.993413 0.772146 0.000000 0.000000 0.000000 1.000000
0.994711 0.053400 -0.087739 -0.560721 -0.046987 0.996180 0.073607 97.551109 0.091334 -0.069095 0.993420 0.734926 0.000000 0.000000 0.000000 1.000000
0.994666 0.053584 -0.088143 -0.533018 -0.047163 0.996188 0.073387 97.554718 0.091740 -0.068838 0.993401 0.697725 0.000000 0.000000 0.000000 1.000000
0.994611 0.053672 -0.088701 -0.502731 -0.047234 0.996201 0.073160 97.558777 0.092291 -0.068576 0.993368 0.660270 0.000000 0.000000 0.000000 1.000000
0.994563 0.053750 -0.089198 -0.474598 -0.047293 0.996211 0.072986 97.561638 0.092783 -0.068370 0.993336 0.623637 0.000000 0.000000 0.000000 1.000000
0.994526 0.053886 -0.089522 -0.449870 -0.047417 0.996213 0.072875 97.562767 0.093110 -0.068231 0.993315 0.588779 0.000000 0.000000 0.000000 1.000000
0.994498 0.054070 -0.089725 -0.426917 -0.047601 0.996215 0.072735 97.562622 0.093318 -0.068063 0.993307 0.554804 0.000000 0.000000 0.000000 1.000000
0.994473 0.054264 -0.089882 -0.405001 -0.047810 0.996224 0.072466 97.562218 0.093475 -0.067769 0.993313 0.521154 0.000000 0.000000 0.000000 1.000000
0.994450 0.054441 -0.090034 -0.384131 -0.048014 0.996244 0.072064 97.562836 0.093619 -0.067341 0.993328 0.488826 0.000000 0.000000 0.000000 1.000000
0.994424 0.054592 -0.090227 -0.363767 -0.048197 0.996268 0.071605 97.565102 0.093800 -0.066857 0.993344 0.458793 0.000000 0.000000 0.000000 1.000000
0.994391 0.054721 -0.090505 -0.343308 -0.048346 0.996290 0.071193 97.568375 0.094065 -0.066418 0.993348 0.430459 0.000000 0.000000 0.000000 1.000000
0.994351 0.054837 -0.090875 -0.322391 -0.048467 0.996306 0.070883 97.571487 0.094427 -0.066078 0.993336 0.401993 0.000000 0.000000 0.000000 1.000000
0.994305 0.054967 -0.091301 -0.301087 -0.048593 0.996319 0.070623 97.574234 0.094847 -0.065785 0.993316 0.371991 0.000000 0.000000 0.000000 1.000000
0.994256 0.055125 -0.091745 -0.279665 -0.048755 0.996335 0.070287 97.577217 0.095283 -0.065410 0.993299 0.341028 0.000000 0.000000 0.000000 1.000000
0.994205 0.055285 -0.092195 -0.257889 -0.048934 0.996361 0.069785 97.580765 0.095717 -0.064869 0.993293 0.310987 0.000000 0.000000 0.000000 1.000000
0.994156 0.055390 -0.092664 -0.234727 -0.049069 0.996399 0.069149 97.585190 0.096160 -0.064198 0.993293 0.283153 0.000000 0.000000 0.000000 1.000000
0.994109 0.055418 -0.093147 -0.209429 -0.049132 0.996442 0.068473 97.590958 0.096611 -0.063493 0.993295 0.257916 0.000000 0.000000 0.000000 1.000000
0.994066 0.055413 -0.093603 -0.182301 -0.049160 0.996484 0.067838 97.598068 0.097033 -0.062834 0.993296 0.235409 0.000000 0.000000 0.000000 1.000000
0.994029 0.055422 -0.093995 -0.154643 -0.049196 0.996519 0.067309 97.605240 0.097398 -0.062283 0.993295 0.214795 0.000000 0.000000 0.000000 1.000000
0.993996 0.055460 -0.094323 -0.127290 -0.049250 0.996541 0.066938 97.610985 0.097709 -0.061891 0.993289 0.194246 0.000000 0.000000 0.000000 1.000000
0.993967 0.055517 -0.094595 -0.100232 -0.049311 0.996552 0.066731 97.614555 0.097974 -0.061664 0.993277 0.172748 0.000000 0.000000 0.000000 1.000000
0.993943 0.055593 -0.094799 -0.073496 -0.049382 0.996553 0.066654 97.616432 0.098177 -0.061569 0.993263 0.151056 0.000000 0.000000 0.000000 1.000000
0.993927 0.055698 -0.094902 -0.047768 -0.049477 0.996546 0.066690 97.617424 0.098288 -0.061590 0.993250 0.130667 0.000000 0.000000 0.000000 1.000000
0.993921 0.055826 -0.094896 -0.024340 -0.049591 0.996530 0.066843 97.618057 0.098298 -0.061731 0.993241 0.113056 0.000000 0.000000 0.000000 1.000000
0.993923 0.055960 -0.094797 -0.003843 -0.049706 0.996507 0.067098 97.618637 0.098221 -0.061979 0.993233 0.099311 0.000000 0.000000 0.000000 1.000000
0.993934 0.056107 -0.094588 0.014755 -0.049835 0.996480 0.067414 97.619278 0.098038 -0.062291 0.993231 0.088835 0.000000 0.000000 0.000000 1.000000
0.993957 0.056280 -0.094247 0.033475 -0.049998 0.996449 0.067743 97.620148 0.097725 -0.062622 0.993241 0.079513 0.000000 0.000000 0.000000 1.000000
0.993986 0.056458 -0.093835 0.053136 -0.050170 0.996418 0.068074 97.621468 0.097342 -0.062957 0.993258 0.070212 0.000000 0.000000 0.000000 1.000000
0.994009 0.056597 -0.093508 0.073063 -0.050295 0.996387 0.068435 97.622948 0.097044 -0.063322 0.993264 0.061156 0.000000 0.000000 0.000000 1.000000
0.994015 0.056689 -0.093379 0.093013 -0.050354 0.996355 0.068850 97.623466 0.096942 -0.063736 0.993247 0.052100 0.000000 0.000000 0.000000 1.000000
0.994011 0.056748 -0.093390 0.113559 -0.050366 0.996322 0.069330 97.622444 0.096981 -0.064211 0.993213 0.042327 0.000000 0.000000 0.000000 1.000000
0.994012 0.056774 -0.093366 0.134586 -0.050341 0.996285 0.069866 97.620453 0.096985 -0.064747 0.993178 0.031735 0.000000 0.000000 0.000000 1.000000
0.994031 0.056785 -0.093158 0.154751 -0.050315 0.996250 0.070388 97.618134 0.096806 -0.065281 0.993160 0.020771 0.000000 0.000000 0.000000 1.000000
0.994065 0.056834 -0.092764 0.172084 -0.050347 0.996216 0.070837 97.615883 0.096439 -0.065746 0.993165 0.009886 0.000000 0.000000 0.000000 1.000000
0.994100 0.056953 -0.092313 0.186199 -0.050461 0.996185 0.071198 97.614334 0.096015 -0.066120 0.993181 -0.000650 0.000000 0.000000 0.000000 1.000000
0.994129 0.057089 -0.091911 0.198112 -0.050603 0.996162 0.071413 97.613632 0.095635 -0.066342 0.993203 -0.010512 0.000000 0.000000 0.000000 1.000000
0.994156 0.057177 -0.091567 0.208382 -0.050716 0.996158 0.071393 97.613213 0.095297 -0.066331 0.993236 -0.019480 0.000000 0.000000 0.000000 1.000000
0.994183 0.057233 -0.091243 0.216404 -0.050821 0.996172 0.071121 97.612740 0.094964 -0.066070 0.993286 -0.028368 0.000000 0.000000 0.000000 1.000000
0.994206 0.057324 -0.090932 0.221741 -0.050978 0.996198 0.070645 97.612328 0.094636 -0.065601 0.993348 -0.038292 0.000000 0.000000 0.000000 1.000000
0.994222 0.057467 -0.090659 0.224994 -0.051197 0.996230 0.070038 97.611992 0.094343 -0.064992 0.993416 -0.048534 0.000000 0.000000 0.000000 1.000000
0.994234 0.057626 -0.090433 0.226755 -0.051433 0.996264 0.069376 97.611389 0.094093 -0.064325 0.993483 -0.056409 0.000000 0.000000 0.000000 1.000000
0.994246 0.057773 -0.090209 0.226967 -0.051655 0.996296 0.068746 97.610443 0.093847 -0.063691 0.993547 -0.060133 0.000000 0.000000 0.000000 1.000000
0.994260 0.057925 -0.089960 0.224664 -0.051872 0.996320 0.068226 97.609871 0.093580 -0.063168 0.993606 -0.060135 0.000000 0.000000 0.000000 1.000000
0.994272 0.058099 -0.089711 0.218548 -0.052097 0.996334 0.067854 97.609680 0.093324 -0.062792 0.993654 -0.056648 0.000000 0.000000 0.000000 1.000000
0.994280 0.058263 -0.089516 0.208975 -0.052296 0.996340 0.067609 97.608955 0.093127 -0.062541 0.993688 -0.048309 0.000000 0.000000 0.000000 1.000000
0.994282 0.058362 -0.089430 0.197890 -0.052420 0.996347 0.067421 97.607658 0.093038 -0.062347 0.993709 -0.034022 0.000000 0.000000 0.000000 1.000000
0.994276 0.058385 -0.089483 0.186525 -0.052459 0.996359 0.067208 97.606865 0.093081 -0.062129 0.993718 -0.014901 0.000000 0.000000 0.000000 1.000000
0.994260 0.058383 -0.089660 0.174260 -0.052471 0.996376 0.066944 97.607147 0.093243 -0.061856 0.993720 0.006564 0.000000 0.000000 0.000000 1.000000
0.994237 0.058413 -0.089897 0.159615 -0.052512 0.996393 0.066664 97.607529 0.093467 -0.061559 0.993717 0.029164 0.000000 0.000000 0.000000 1.000000
