<?xml version="1.0" encoding="utf-8"?>
<COLLADA xmlns="http://www.collada.org/2005/11/COLLADASchema" version="1.4.1">
  <asset>
    <contributor>
      <author>Mixamo</author>
      <authoring_tool>COLLADA Mixamo exporter</authoring_tool>
      <comments/>
    </contributor>
    <created>2024-03-17T13:55:51Z</created>
    <modified>2024-03-17T13:55:51Z</modified>
    <revision/>
    <title/>
    <unit meter="0.010000"/>
    <up_axis>Y_UP</up_axis>
  </asset>
  <library_animations>
    <animation id="mixamorig6_Hips-anim" name="mixamorig6_Hips">
      <source id="mixamorig6_Hips-Matrix-animation-input">
        <float_array id="mixamorig6_Hips-Matrix-animation-input-array" count="32">

0.000000 0.033333 0.066667 0.100000 0.133333 0.166667 0.200000 0.233333 0.266667 0.300000 0.333333 0.366667 0.400000 0.433333 0.466667 0.500000
0.533333 0.566667 0.600000 0.633333 0.666667 0.700000 0.733333 0.766667 0.800000 0.833333 0.866667 0.900000 0.933333 0.966667 1.000000 1.033333</float_array>
        <technique_common>
          <accessor source="#mixamorig6_Hips-Matrix-animation-input-array" count="32">
            <param name="TIME" type="float"/>
          </accessor>
        </technique_common>
      </source>
      <source id="mixamorig6_Hips-Matrix-animation-output-transform">
        <float_array id="mixamorig6_Hips-Matrix-animation-output-transform-array" count="512">

0.999396 -0.009164 0.033511 -0.013865 0.010300 0.999373 -0.033863 97.504524 -0.033180 0.034188 0.998864 0.446280 0.000000 0.000000 0.000000 1.000000
0.999620 -0.012027 0.024795 0.130325 0.013116 0.998934 -0.044263 97.986618 -0.024236 0.044571 0.998712 -0.123862 0.000000 0.000000 0.000000 1.000000
0.999892 -0.004572 0.013983 0.346792 0.005342 0.998443 -0.055517 97.696602 -0.013707 0.055586 0.998360 -0.645962 0.000000 0.000000 0.000000 1.000000
0.999732 0.022167 -0.006672 0.629697 -0.022546 0.997739 -0.063320 96.679726 0.005253 0.063454 0.997971 -0.974649 0.000000 0.000000 0.000000 1.000000
0.998284 0.047992 -0.033553 0.879406 -0.050129 0.996557 -0.066045 95.155525 0.030268 0.067613 0.997252 -0.995183 0.000000 0.000000 0.000000 1.000000
0.996951 0.057403 -0.052863 1.142042 -0.060987 0.995758 -0.068895 93.547516 0.048684 0.071909 0.996222 -0.924099 0.000000 0.000000 0.000000 1.000000
0.996466 0.055311 -0.063217 1.475910 -0.059662 0.995821 -0.069141 92.277084 0.059128 0.072668 0.995602 -0.851925 0.000000 0.000000 0.000000 1.000000
0.997409 0.041678 -0.058633 1.906282 -0.044788 0.997602 -0.052767 91.341995 0.056293 0.055257 0.996884 -0.174587 0.000000 0.000000 0.000000 1.000000
0.998302 0.032807 -0.048138 2.542546 -0.034744 0.998597 -0.039953 90.868599 0.046760 0.041558 0.998041 1.117661 0.000000 0.000000 0.000000 1.000000
0.998979 0.025671 -0.037167 3.254221 -0.026733 0.999240 -0.028361 90.759018 0.036411 0.029326 0.998907 2.233306 0.000000 0.000000 0.000000 1.000000
0.999487 0.019109 -0.025715 3.912656 -0.019576 0.999646 -0.018023 90.809860 0.025361 0.018517 0.999507 2.887811 0.000000 0.000000 0.000000 1.000000
0.999821 0.012974 -0.013761 4.510255 -0.013098 0.999874 -0.008976 91.031784 0.013643 0.009155 0.999865 3.091863 0.000000 0.000000 0.000000 1.000000
0.999964 0.008407 -0.000929 4.947968 -0.008408 0.999964 -0.001266 91.700317 0.000919 0.001274 0.999999 2.992154 0.000000 0.000000 0.000000 1.000000
0.999912 0.004473 0.012507 5.091527 -0.004537 0.999977 0.005109 92.898331 -0.012483 -0.005165 0.999909 2.650388 0.000000 0.000000 0.000000 1.000000
0.999655 0.000520 0.026271 4.974337 -0.000787 0.999948 0.010153 94.259552 -0.026265 -0.010171 0.999603 2.179696 0.000000 0.000000 0.000000 1.000000
0.999185 -0.003184 0.040237 4.660226 0.002628 0.999900 0.013869 95.425781 -0.040277 -0.013752 0.999094 1.858574 0.000000 0.000000 0.000000 1.000000
0.998516 -0.006609 0.054053 4.363414 0.005866 0.999886 0.013884 96.353897 -0.054138 -0.013546 0.998442 1.654742 0.000000 0.000000 0.000000 1.000000
0.997713 -0.010093 0.066840 4.100643 0.009479 0.999910 0.009506 96.737259 -0.066930 -0.008851 0.997718 1.391896 0.000000 0.000000 0.000000 1.000000
0.996800 -0.014769 0.078556 3.811396 0.014840 0.999890 -0.000321 96.494926 -0.078543 0.001486 0.996910 1.132642 0.000000 0.000000 0.000000 1.000000
0.994843 -0.032735 0.096003 3.417646 0.034134 0.999333 -0.012966 95.802780 -0.095515 0.016176 0.995297 1.100922 0.000000 0.000000 0.000000 1.000000
0.992078 -0.049421 0.115496 3.007861 0.052833 0.998247 -0.026667 94.618042 -0.113976 0.032558 0.992950 1.320606 0.000000 0.000000 0.000000 1.000000
0.990202 -0.058010 0.127022 2.601031 0.063849 0.997059 -0.042382 93.256805 -0.124189 0.050077 0.990994 1.449029 0.000000 0.000000 0.000000 1.000000
0.990396 -0.053162 0.127627 2.081735 0.059333 0.997221 -0.045045 91.998428 -0.124878 0.052185 0.990799 1.780075 0.000000 0.000000 0.000000 1.000000
0.992659 -0.032721 0.116438 1.466577 0.036533 0.998859 -0.030755 91.137291 -0.115299 0.034783 0.992722 2.611020 0.000000 0.000000 0.000000 1.000000
0.994374 -0.019676 0.104079 0.814816 0.022532 0.999399 -0.026344 90.779320 -0.103498 0.028541 0.994220 3.556055 0.000000 0.000000 0.000000 1.000000
0.995630 -0.012867 0.092498 0.154216 0.015264 0.999564 -0.025260 90.758583 -0.092133 0.026562 0.995392 4.270605 0.000000 0.000000 0.000000 1.000000
0.996636 -0.008543 0.081507 -0.535834 0.010759 0.999583 -0.026781 91.199547 -0.081244 0.027568 0.996313 4.454450 0.000000 0.000000 0.000000 1.000000
0.997460 -0.006847 0.070903 -1.043619 0.008980 0.999515 -0.029804 92.028671 -0.070665 0.030365 0.997038 3.943585 0.000000 0.000000 0.000000 1.000000
0.998131 -0.007198 0.060689 -1.137686 0.009226 0.999406 -0.033194 93.304291 -0.060414 0.033692 0.997605 3.160596 0.000000 0.000000 0.000000 1.000000
0.998662 -0.008212 0.051052 -0.857110 0.010047 0.999309 -0.035797 94.831772 -0.050723 0.036262 0.998054 2.379520 0.000000 0.000000 0.000000 1.000000
0.999076 -0.009213 0.041975 -0.416239 0.010745 0.999279 -0.036423 96.330101 -0.041609 0.036841 0.998455 1.472729 0.000000 0.000000 0.000000 1.000000
0.999396 -0.009164 0.033511 -0.013865 0.010300 0.999373 -0.033863 97.504524 -0.033180 0.034188 0.998864 0.446280 0.000000 0.000000 0.000000 1.000000</float_array>
        <technique_common>
          <accessor source="#mixamorig6_Hips-Matrix-animation-output-transform-array" count="32" stride="16">
            <param type="float4x4"/>
          </accessor>
        </technique_common>
      </source>
      <source id="mixamorig6_Hips-Interpolations">
        <Name_array id="mixamorig6_Hips-Interpolations-array" count="32">
 LINEAR LINEAR LINEAR LINEAR LINEAR LINEAR LINEAR LINEAR LINEAR LINEAR LINEAR
LINEAR LINEAR LINEAR LINEAR LINEAR LINEAR LINEAR LINEAR LINEAR LINEAR LINEAR LINEAR
LINEAR LINEAR LINEAR LINEAR LINEAR LINEAR LINEAR LINEAR LINEAR</Name_array>
        <technique_common>
          <accessor source="#mixamorig6_Hips-Interpolations-array" count="32">
            <param type="name"/>
          </accessor>
        </technique_common>
      </source>
      <sampler id="mixamorig6_Hips-Matrix-animation-transform">
        <input semantic="INPUT" source="#mixamorig6_Hips-Matrix-animation-input"/>
        <input semantic="OUTPUT" source="#mixamorig6_Hips-Matrix-animation-output-transform"/>
        <input semantic="INTERPOLATION" source="#mixamorig6_Hips-Interpolations"/>
      </sampler>
      <channel source="#mixamorig6_Hips-Matrix-animation-transform" target="mixamorig6_Hips/matrix"/>
    </animation>
    <animation id="mixamorig6_Spine-anim" name="mixamorig6_Spine">
      <source id="mixamorig6_Spine-Matrix-animation-input">
        <float_array id="mixamorig6_Spine-Matrix-animation-input-array" count="32">

0.000000 0.033333 0.066667 0.100000 0.133333 0.166667 0.200000 0.233333 0.266667 0.300000 0.333333 0.366667 0.400000 0.433333 0.466667 0.500000
0.533333 0.566667 0.600000 0.633333 0.666667 0.700000 0.733333 0.766667 0.800000 0.833333 0.866667 0.900000 0.933333 0.966667 1.000000 1.033333</float_array>
        <technique_common>
          <accessor source="#mixamorig6_Spine-Matrix-animation-input-array" count="32">
            <param name="TIME" type="float"/>
          </accessor>
        </technique_common>
      </source>
      <source id="mixamorig6_Spine-Matrix-animation-output-transform">
        <float_array id="mixamorig6_Spine-Matrix-animation-output-transform-array" count="512">

0.999666 0.013314 -0.022159 0.000000 -0.013571 0.999842 -0.011481 10.236600 0.022003 0.011778 0.999689 -0.985400 0.000000 0.000000 0.000000 1.000000
0.999859 0.015658 -0.005995 0.000000 -0.015687 0.999865 -0.004785 10.236600 0.005919 0.004879 0.999971 -0.985400 0.000000 0.000000 0.000000 1.000000
0.999944 0.001125 0.010506 -0.000000 -0.001155 0.999995 0.002795 10.236600 -0.010503 -0.002807 0.999941 -0.985400 0.000000 0.000000 0.000000 1.000000
0.998499 -0.042217 0.034880 0.000000 0.041807 0.999049 0.012397 10.236600 -0.035370 -0.010920 0.999315 -0.985400 0.000000 0.000000 0.000000 1.000000
0.995502 -0.076943 0.055269 -0.000000 0.075691 0.996833 0.024402 10.236600 -0.056972 -0.020109 0.998173 -0.985400 0.000000 0.000000 0.000000 1.000000
0.994845 -0.081237 0.060694 0.000000 0.079293 0.996279 0.033783 10.236600 -0.063213 -0.028796 0.997585 -0.985400 0.000000 0.000000 0.000000 1.000000
0.995472 -0.067923 0.066495 0.000000 0.065766 0.997252 0.034118 10.236600 -0.068630 -0.029590 0.997203 -0.985400 0.000000 0.000000 0.000000 1.000000
0.996597 -0.039948 0.072096 -0.000000 0.038154 0.998931 0.026093 10.236600 -0.073061 -0.023254 0.997056 -0.985400 0.000000 0.000000 0.000000 1.000000
0.997231 -0.018381 0.072062 -0.000000 0.015979 0.999302 0.033755 10.236600 -0.072632 -0.032510 0.996829 -0.985400 0.000000 0.000000 0.000000 1.000000
0.997651 0.004675 0.068347 0.000000 -0.007138 0.999332 0.035841 10.236600 -0.068134 -0.036245 0.997018 -0.985400 0.000000 0.000000 0.000000 1.000000
0.997549 0.015053 0.068337 0.000000 -0.017230 0.999359 0.031378 10.236600 -0.067821 -0.032479 0.997169 -0.985400 0.000000 0.000000 0.000000 1.000000
0.998282 0.017298 0.055979 0.000000 -0.018765 0.999492 0.025772 10.236600 -0.055505 -0.026778 0.998099 -0.985400 0.000000 0.000000 0.000000 1.000000
0.999642 0.014397 0.022559 -0.000000 -0.014834 0.999703 0.019324 10.236600 -0.022274 -0.019652 0.999559 -0.985400 0.000000 0.000000 0.000000 1.000000
0.999874 0.010664 -0.011747 0.000000 -0.010519 0.999868 0.012380 10.236600 0.011878 -0.012255 0.999854 -0.985400 0.000000 0.000000 0.000000 1.000000
0.999324 0.010241 -0.035319 0.000000 -0.009977 0.999921 0.007639 10.236600 0.035394 -0.007282 0.999347 -0.985400 0.000000 0.000000 0.000000 1.000000
0.998372 0.016958 -0.054454 0.000000 -0.016516 0.999827 0.008554 10.236600 0.054590 -0.007640 0.998480 -0.985400 0.000000 0.000000 0.000000 1.000000
0.997039 0.022790 -0.073440 0.000000 -0.022035 0.999696 0.011069 10.236600 0.073670 -0.009418 0.997238 -0.985400 0.000000 0.000000 0.000000 1.000000
0.995600 0.027301 -0.089639 0.000000 -0.026574 0.999604 0.009293 10.236600 0.089858 -0.006870 0.995931 -0.985400 0.000000 0.000000 0.000000 1.000000
0.994215 0.035948 -0.101211 0.000000 -0.035199 0.999338 0.009171 10.236600 0.101474 -0.005555 0.994823 -0.985400 0.000000 0.000000 0.000000 1.000000
0.991091 0.066691 -0.115289 0.000000 -0.065112 0.997726 0.017411 10.236600 0.116188 -0.009749 0.993179 -0.985400 0.000000 0.000000 0.000000 1.000000
0.988047 0.091832 -0.123817 -0.000000 -0.088594 0.995572 0.031423 10.236600 0.126154 -0.020078 0.991807 -0.985400 0.000000 0.000000 0.000000 1.000000
0.988400 0.092925 -0.120123 0.000000 -0.088531 0.995212 0.041429 10.236600 0.123398 -0.030314 0.991894 -0.985400 0.000000 0.000000 0.000000 1.000000
0.990725 0.077523 -0.111601 -0.000000 -0.073796 0.996581 0.037156 10.236600 0.114100 -0.028576 0.993058 -0.985400 0.000000 0.000000 0.000000 1.000000
0.993618 0.045679 -0.103134 0.000000 -0.043547 0.998791 0.022825 10.236600 0.104052 -0.018189 0.994406 -0.985400 0.000000 0.000000 0.000000 1.000000
0.993927 0.020760 -0.108062 0.000000 -0.018327 0.999557 0.023462 10.236600 0.108501 -0.021339 0.993867 -0.985400 0.000000 0.000000 0.000000 1.000000
0.992646 0.015180 -0.120101 0.000000 -0.011932 0.999545 0.027713 10.236600 0.120467 -0.026076 0.992375 -0.985400 0.000000 0.000000 0.000000 1.000000
0.993416 0.017739 -0.113182 -0.000000 -0.014435 0.999447 0.029943 10.236600 0.113651 -0.028112 0.993123 -0.985400 0.000000 0.000000 0.000000 1.000000
0.996145 0.022769 -0.084710 -0.000000 -0.020940 0.999529 0.022424 10.236600 0.085181 -0.020564 0.996153 -0.985400 0.000000 0.000000 0.000000 1.000000
0.998036 0.025159 -0.057361 0.000000 -0.024399 0.999605 0.013916 10.236600 0.057688 -0.012490 0.998257 -0.985400 0.000000 0.000000 0.000000 1.000000
0.998922 0.022874 -0.040397 -0.000000 -0.022495 0.999699 0.009814 10.236600 0.040610 -0.008895 0.999136 -0.985400 0.000000 0.000000 0.000000 1.000000
0.999388 0.018420 -0.029748 0.000000 -0.018349 0.999828 0.002653 10.236600 0.029792 -0.002105 0.999554 -0.985400 0.000000 0.000000 0.000000 1.000000
0.999666 0.013314 -0.022159 0.000000 -0.013571 0.999842 -0.011481 10.236600 0.022003 0.011778 0.999689 -0.985400 0.000000 0.000000 0.000000 1.000000</float_array>
        <technique_common>
          <accessor source="#mixamorig6_Spine-Matrix-animation-output-transform-array" count="32" stride="16">
            <param type="float4x4"/>
          </accessor>
        </technique_common>
      </source>
      <source id="mixamorig6_Spine-Interpolations">
        <Name_array id="mixamorig6_Spine-Interpolations-array" count="32">
 LINEAR LINEAR LINEAR LINEAR LINEAR LINEAR LINEAR LINEAR LINEAR LINEAR LINEAR
LINEAR LINEAR LINEAR LINEAR LINEAR LINEAR LINEAR LINEAR LINEAR LINEAR LINEAR LINEAR
LINEAR LINEAR LINEAR LINEAR LINEAR LINEAR LINEAR LINEAR LINEAR</Name_array>
        <technique_common>
          <accessor source="#mixamorig6_Spine-Interpolations-array" count="32">
            <param type="name"/>
          </accessor>
        </technique_common>
      </source>
      <sampler id="mixamorig6_Spine-Matrix-animation-transform">
        <input semantic="INPUT" source="#mixamorig6_Spine-Matrix-animation-input"/>
        <input semantic="OUTPUT" source="#mixamorig6_Spine-Matrix-animation-output-transform"/>
        <input semantic="INTERPOLATION" source="#mixamorig6_Spine-Interpolations"/>
      </sampler>
      <channel source="#mixamorig6_Spine-Matrix-animation-transform" target="mixamorig6_Spine/matrix"/>
    </animation>
    <animation id="mixamorig6_Spine1-anim" name="mixamorig6_Spine1">
      <source id="mixamorig6_Spine1-Matrix-animation-input">
        <float_array id="mixamorig6_Spine1-Matrix-animation-input-array" count="32">

0.000000 0.033333 0.066667 0.100000 0.133333 0.166667 0.200000 0.233333 0.266667 0.300000 0.333333 0.366667 0.400000 0.433333 0.466667 0.500000
0.533333 0.566667 0.600000 0.633333 0.666667 0.700000 0.733333 0.766667 0.800000 0.833333 0.866667 0.900000 0.933333 0.966667 1.000000 1.033333</float_array>
        <technique_common>
          <accessor source="#mixamorig6_Spine1-Matrix-animation-input-array" count="32">
            <param name="TIME" type="float"/>
          </accessor>
        </technique_common>
      </source>
      <source id="mixamorig6_Spine1-Matrix-animation-output-transform">
        <float_array id="mixamorig6_Spine1-Matrix-animation-output-transform-array" count="512">

0.998877 -0.017344 -0.044080 0.000000 0.015426 0.998935 -0.043474 11.997900 0.044787 0.042745 0.998082 0.000000 0.000000 0.000000 0.000000 1.000000
0.999414 -0.008669 -0.033105 0.000000 0.007378 0.999215 -0.038917 11.997900 0.033417 0.038650 0.998694 0.000000 0.000000 0.000000 0.000000 1.000000
0.999764 0.002668 -0.021552 0.000000 -0.003424 0.999378 -0.035106 11.997900 0.021445 0.035172 0.999151 0.000000 0.000000 0.000000 0.000000 1.000000
0.999771 0.019110 -0.009595 -0.000000 -0.019427 0.999231 -0.034051 11.997900 0.008937 0.034230 0.999374 0.000000 0.000000 0.000000 0.000000 1.000000
0.999523 0.030698 0.003474 0.000000 -0.030558 0.998919 -0.035038 11.997900 -0.004546 0.034915 0.999380 0.000000 0.000000 0.000000 0.000000 1.000000
0.999336 0.031463 0.018379 0.000000 -0.030805 0.998910 -0.035056 11.997900 -0.019462 0.034466 0.999216 0.000000 0.000000 0.000000 0.000000 1.000000
0.999084 0.027723 0.032609 0.000000 -0.026565 0.999019 -0.035435 11.997900 -0.033559 0.034537 0.998840 0.000000 0.000000 0.000000 0.000000 1.000000
0.998768 0.025019 0.042849 0.000000 -0.023440 0.999041 -0.036969 11.997900 -0.043733 0.035919 0.998397 0.000000 0.000000 0.000000 0.000000 1.000000
0.998661 0.020668 0.047419 0.000000 -0.019084 0.999252 -0.033621 11.997900 -0.048078 0.032671 0.998309 0.000000 0.000000 0.000000 0.000000 1.000000
0.998998 0.009495 0.043747 0.000000 -0.008367 0.999630 -0.025898 11.997900 -0.043977 0.025506 0.998707 0.000000 0.000000 0.000000 0.000000 1.000000
0.999347 0.009046 0.034975 -0.000000 -0.008273 0.999720 -0.022189 11.997900 -0.035166 0.021886 0.999142 0.000000 0.000000 0.000000 0.000000 1.000000
0.999562 0.009986 0.027857 0.000000 -0.009359 0.999702 -0.022529 11.997900 -0.028074 0.022259 0.999358 -0.000000 0.000000 0.000000 0.000000 1.000000
0.999796 0.008005 0.018532 -0.000000 -0.007515 0.999624 -0.026370 11.997900 -0.018736 0.026226 0.999480 -0.000000 0.000000 0.000000 0.000000 1.000000
0.999977 0.006589 0.001602 -0.000000 -0.006536 0.999498 -0.030992 11.997900 -0.001805 0.030981 0.999518 0.000000 0.000000 0.000000 0.000000 1.000000
0.999805 0.006239 -0.018723 0.000000 -0.006859 0.999423 -0.033273 11.997900 0.018505 0.033395 0.999271 0.000000 0.000000 0.000000 0.000000 1.000000
0.999306 0.001564 -0.037211 0.000000 -0.002841 0.999408 -0.034287 11.997900 0.037135 0.034369 0.998719 0.000000 0.000000 0.000000 0.000000 1.000000
0.998479 -0.004461 -0.054946 0.000000 0.002510 0.999365 -0.035537 11.997900 0.055069 0.035345 0.997857 0.000000 0.000000 0.000000 0.000000 1.000000
0.997222 -0.011318 -0.073628 0.000000 0.008660 0.999303 -0.036317 11.997900 0.073987 0.035578 0.996624 0.000000 0.000000 0.000000 0.000000 1.000000
0.995594 -0.021324 -0.091310 0.000000 0.017941 0.999127 -0.037715 11.997900 0.092035 0.035911 0.995108 -0.000000 0.000000 0.000000 0.000000 1.000000
0.993593 -0.036131 -0.107088 0.000000 0.031717 0.998587 -0.042640 11.997900 0.108477 0.038971 0.993335 0.000000 0.000000 0.000000 0.000000 1.000000
0.991398 -0.045632 -0.122667 -0.000000 0.040165 0.998102 -0.046679 11.997900 0.124564 0.041351 0.991350 0.000000 0.000000 0.000000 0.000000 1.000000
0.989758 -0.044142 -0.135763 -0.000000 0.038332 0.998246 -0.045115 11.997900 0.137516 0.039449 0.989714 0.000000 0.000000 0.000000 0.000000 1.000000
0.988911 -0.041208 -0.142681 -0.000000 0.035202 0.998395 -0.044368 11.997900 0.144280 0.038853 0.988774 0.000000 0.000000 0.000000 0.000000 1.000000
0.988725 -0.040082 -0.144280 0.000000 0.033802 0.998382 -0.045724 11.997900 0.145879 0.040332 0.988480 0.000000 0.000000 0.000000 0.000000 1.000000
0.989519 -0.033832 -0.140380 0.000000 0.028233 0.998732 -0.041690 11.997900 0.141613 0.037289 0.989220 0.000000 0.000000 0.000000 0.000000 1.000000
0.990498 -0.037124 -0.132419 -0.000000 0.031942 0.998647 -0.041045 11.997900 0.133764 0.036425 0.990344 0.000000 0.000000 0.000000 0.000000 1.000000
0.991362 -0.037261 -0.125750 0.000000 0.032462 0.998672 -0.039999 11.997900 0.127073 0.035572 0.991255 0.000000 0.000000 0.000000 0.000000 1.000000
0.992642 -0.034973 -0.115926 0.000000 0.030433 0.998708 -0.040703 11.997900 0.117200 0.036876 0.992424 0.000000 0.000000 0.000000 0.000000 1.000000
0.994686 -0.032134 -0.097812 0.000000 0.027947 0.998646 -0.043877 11.997900 0.099089 0.040911 0.994237 0.000000 0.000000 0.000000 0.000000 1.000000
0.996778 -0.027697 -0.075281 -0.000000 0.024256 0.998636 -0.046238 11.997900 0.076459 0.044263 0.996090 0.000000 0.000000 0.000000 0.000000 1.000000
0.998163 -0.022787 -0.056130 0.000000 0.020223 0.998745 -0.045825 11.997900 0.057103 0.044606 0.997371 0.000000 0.000000 0.000000 0.000000 1.000000
0.998877 -0.017344 -0.044080 -0.000000 0.015426 0.998935 -0.043474 11.997900 0.044787 0.042745 0.998082 -0.000000 0.000000 0.000000 0.000000 1.000000</float_array>
        <technique_common>
          <accessor source="#mixamorig6_Spine1-Matrix-animation-output-transform-array" count="32" stride="16">
            <param type="float4x4"/>
          </accessor>
        </technique_common>
      </source>
      <source id="mixamorig6_Spine1-Interpolations">
        <Name_array id="mixamorig6_Spine1-Interpolations-array" count="32">
 LINEAR LINEAR LINEAR LINEAR LINEAR LINEAR LINEAR LINEAR LINEAR LINEAR LINEAR
LINEAR LINEAR LINEAR LINEAR LINEAR LINEAR LINEAR LINEAR LINEAR LINEAR LINEAR LINEAR
LINEAR LINEAR LINEAR LINEAR LINEAR LINEAR LINEAR LINEAR LINEAR</Name_array>
        <technique_common>
          <accessor source="#mixamorig6_Spine1-Interpolations-array" count="32">
            <param type="name"/>
          </accessor>
        </technique_common>
      </source>
      <sampler id="mixamorig6_Spine1-Matrix-animation-transform">
        <input semantic="INPUT" source="#mixamorig6_Spine1-Matrix-animation-input"/>
        <input semantic="OUTPUT" source="#mixamorig6_Spine1-Matrix-animation-output-transform"/>
        <input semantic="INTERPOLATION" source="#mixamorig6_Spine1-Interpolations"/>
      </sampler>
      <channel source="#mixamorig6_Spine1-Matrix-animation-transform" target="mixamorig6_Spine1/matrix"/>
    </animation>
    <animation id="mixamorig6_Spine2-anim" name="mixamorig6_Spine2">
      <source id="mixamorig6_Spine2-Matrix-animation-input">
        <float_array id="mixamorig6_Spine2-Matrix-animation-input-array" count="32">

0.000000 0.033333 0.066667 0.100000 0.133333 0.166667 0.200000 0.233333 0.266667 0.300000 0.333333 0.366667 0.400000 0.433333 0.466667 0.500000
0.533333 0.566667 0.600000 0.633333 0.666667 0.700000 0.733333 0.766667 0.800000 0.833333 0.866667 0.900000 0.933333 0.966667 1.000000 1.033333</float_array>
        <technique_common>
          <accessor source="#mixamorig6_Spine2-Matrix-animation-input-array" count="32">
            <param name="TIME" type="float"/>
          </accessor>
        </technique_common>
      </source>
      <source id="mixamorig6_Spine2-Matrix-animation-output-transform">
        <float_array id="mixamorig6_Spine2-Matrix-animation-output-transform-array" count="512">

0.998867 -0.019322 -0.043496 0.000000 0.017450 0.998922 -0.043017 13.711900 0.044280 0.042209 0.998127 0.000000 0.000000 0.000000 0.000000 1.000000
0.999418 -0.010364 -0.032508 0.000000 0.009105 0.999212 -0.038625 13.711900 0.032883 0.038307 0.998725 0.000000 0.000000 0.000000 0.000000 1.000000
0.999776 0.001251 -0.021127 0.000000 -0.001987 0.999392 -0.034820 13.711900 0.021070 0.034854 0.999170 -0.000000 0.000000 0.000000 0.000000 1.000000
0.999792 0.018009 -0.009576 0.000000 -0.018319 0.999275 -0.033388 13.711900 0.008968 0.033557 0.999397 0.000000 0.000000 0.000000 0.000000 1.000000
0.999544 0.030026 0.003147 -0.000000 -0.029903 0.998983 -0.033751 13.711900 -0.004158 0.033642 0.999425 -0.000000 0.000000 0.000000 0.000000 1.000000
0.999353 0.031180 0.017949 0.000000 -0.030564 0.998966 -0.033658 13.711900 -0.018980 0.033088 0.999272 0.000000 0.000000 0.000000 0.000000 1.000000
0.999094 0.027880 0.032149 0.000000 -0.026771 0.999050 -0.034398 13.711900 -0.033077 0.033506 0.998891 0.000000 0.000000 0.000000 0.000000 1.000000
0.998769 0.025714 0.042419 -0.000000 -0.024189 0.999056 -0.036074 13.711900 -0.043306 0.035003 0.998448 -0.000000 0.000000 0.000000 0.000000 1.000000
0.998654 0.021195 0.047335 -0.000000 -0.019654 0.999269 -0.032799 13.711900 -0.047996 0.031824 0.998340 -0.000000 0.000000 0.000000 0.000000 1.000000
0.998979 0.009158 0.044240 -0.000000 -0.008028 0.999639 -0.025649 13.711900 -0.044459 0.025268 0.998692 -0.000000 0.000000 0.000000 0.000000 1.000000
0.999329 0.008199 0.035684 -0.000000 -0.007430 0.999739 -0.021625 13.711900 -0.035852 0.021345 0.999129 0.000000 0.000000 0.000000 0.000000 1.000000
0.999546 0.009219 0.028685 0.000000 -0.008598 0.999728 -0.021698 13.711900 -0.028877 0.021441 0.999353 0.000000 0.000000 0.000000 0.000000 1.000000
0.999783 0.007552 0.019400 0.000000 -0.007053 0.999646 -0.025669 13.711900 -0.019587 0.025526 0.999482 0.000000 0.000000 0.000000 0.000000 1.000000
0.999978 0.006121 0.002403 0.000000 -0.006044 0.999513 -0.030607 13.711900 -0.002589 0.030591 0.999529 0.000000 0.000000 0.000000 0.000000 1.000000
0.999823 0.005385 -0.018033 -0.000000 -0.005982 0.999430 -0.033220 13.711900 0.017844 0.033322 0.999285 0.000000 0.000000 0.000000 0.000000 1.000000
0.999331 0.000226 -0.036583 0.000000 -0.001482 0.999410 -0.034307 13.711900 0.036554 0.034338 0.998742 0.000000 0.000000 0.000000 0.000000 1.000000
0.998501 -0.006330 -0.054370 -0.000000 0.004410 0.999365 -0.035359 13.711900 0.054559 0.035067 0.997895 0.000000 0.000000 0.000000 0.000000 1.000000
0.997233 -0.013635 -0.073073 -0.000000 0.011039 0.999298 -0.035806 13.711900 0.073510 0.034901 0.996684 -0.000000 0.000000 0.000000 0.000000 1.000000
0.995594 -0.023989 -0.090650 0.000000 0.020753 0.999119 -0.036469 13.711900 0.091445 0.034427 0.995215 -0.000000 0.000000 0.000000 0.000000 1.000000
0.993575 -0.039405 -0.106091 -0.000000 0.035349 0.998581 -0.039842 13.711900 0.107511 0.035836 0.993558 0.000000 0.000000 0.000000 0.000000 1.000000
0.991372 -0.049524 -0.121360 0.000000 0.044597 0.998080 -0.042983 13.711900 0.123256 0.037200 0.991677 0.000000 0.000000 0.000000 0.000000 1.000000
0.989750 -0.048039 -0.134489 -0.000000 0.042731 0.998200 -0.042087 13.711900 0.136269 0.035909 0.990021 -0.000000 0.000000 0.000000 0.000000 1.000000
0.988908 -0.045273 -0.141465 0.000000 0.039701 0.998330 -0.041967 13.711900 0.143128 0.035885 0.989053 0.000000 0.000000 0.000000 0.000000 1.000000
0.988693 -0.044575 -0.143175 0.000000 0.038749 0.998314 -0.043225 13.711900 0.144860 0.037189 0.988753 0.000000 0.000000 0.000000 0.000000 1.000000
0.989458 -0.037821 -0.139797 0.000000 0.032551 0.998678 -0.039795 13.711900 0.141118 0.034824 0.989380 0.000000 0.000000 0.000000 0.000000 1.000000
0.990404 -0.040559 -0.132118 0.000000 0.035809 0.998631 -0.038130 13.711900 0.133484 0.033034 0.990500 0.000000 0.000000 0.000000 0.000000 1.000000
0.991261 -0.040273 -0.125620 -0.000000 0.035860 0.998664 -0.037194 13.711900 0.126950 0.032364 0.991381 -0.000000 0.000000 0.000000 0.000000 1.000000
0.992545 -0.037926 -0.115829 -0.000000 0.033663 0.998690 -0.038545 13.711900 0.117139 0.034359 0.992521 0.000000 0.000000 0.000000 0.000000 1.000000
0.994600 -0.035221 -0.097625 0.000000 0.031205 0.998615 -0.042365 13.711900 0.098982 0.039090 0.994321 -0.000000 0.000000 0.000000 0.000000 1.000000
0.996720 -0.030560 -0.074935 0.000000 0.027205 0.998599 -0.045391 13.711900 0.076217 0.043203 0.996155 0.000000 0.000000 0.000000 0.000000 1.000000
0.998136 -0.025109 -0.055619 0.000000 0.022595 0.998714 -0.045376 13.711900 0.056687 0.044034 0.997420 0.000000 0.000000 0.000000 0.000000 1.000000
0.998867 -0.019322 -0.043496 0.000000 0.017450 0.998922 -0.043017 13.711900 0.044280 0.042209 0.998127 0.000000 0.000000 0.000000 0.000000 1.000000</float_array>
        <technique_common>
          <accessor source="#mixamorig6_Spine2-Matrix-animation-output-transform-array" count="32" stride="16">
            <param type="float4x4"/>
          </accessor>
        </technique_common>
      </source>
      <source id="mixamorig6_Spine2-Interpolations">
        <Name_array id="mixamorig6_Spine2-Interpolations-array" count="32">
 LINEAR LINEAR LINEAR LINEAR LINEAR LINEAR LINEAR LINEAR LINEAR LINEAR LINEAR
LINEAR LINEAR LINEAR LINEAR LINEAR LINEAR LINEAR LINEAR LINEAR LINEAR LINEAR LINEAR
LINEAR LINEAR LINEAR LINEAR LINEAR LINEAR LINEAR LINEAR LINEAR</Name_array>
        <technique_common>
          <accessor source="#mixamorig6_Spine2-Interpolations-array" count="32">
            <param type="name"/>
          </accessor>
        </technique_common>
      </source>
      <sampler id="mixamorig6_Spine2-Matrix-animation-transform">
        <input semantic="INPUT" source="#mixamorig6_Spine2-Matrix-animation-input"/>
        <input semantic="OUTPUT" source="#mixamorig6_Spine2-Matrix-animation-output-transform"/>
        <input semantic="INTERPOLATION" source="#mixamorig6_Spine2-Interpolations"/>
      </sampler>
      <channel source="#mixamorig6_Spine2-Matrix-animation-transform" target="mixamorig6_Spine2/matrix"/>
    </animation>
    <animation id="mixamorig6_Neck-anim" name="mixamorig6_Neck">
      <source id="mixamorig6_Neck-Matrix-animation-input">
        <float_array id="mixamorig6_Neck-Matrix-animation-input-array" count="32">

0.000000 0.033333 0.066667 0.100000 0.133333 0.166667 0.200000 0.233333 0.266667 0.300000 0.333333 0.366667 0.400000 0.433333 0.466667 0.500000
0.533333 0.566667 0.600000 0.633333 0.666667 0.700000 0.733333 0.766667 0.800000 0.833333 0.866667 0.900000 0.933333 0.966667 1.000000 1.033333</float_array>
        <technique_common>
          <accessor source="#mixamorig6_Neck-Matrix-animation-input-array" count="32">
            <param name="TIME" type="float"/>
          </accessor>
        </technique_common>
      </source>
      <source id="mixamorig6_Neck-Matrix-animation-output-transform">
        <float_array id="mixamorig6_Neck-Matrix-animation-output-transform-array" count="512">

0.999301 0.004142 0.037152 0.000000 -0.000877 0.996167 -0.087471 15.425900 -0.037372 0.087377 0.995474 0.000000 0.000000 0.000000 0.000000 1.000000
0.999438 0.006365 0.032913 0.000000 -0.003437 0.996093 -0.088247 15.425900 -0.033346 0.088084 0.995555 0.000000 0.000000 0.000000 0.000000 1.000000
0.999623 0.004337 0.027098 0.000000 -0.001973 0.996236 -0.086665 15.425900 -0.027372 0.086579 0.995869 0.000000 0.000000 0.000000 0.000000 1.000000
0.999795 -0.005905 0.019354 0.000000 0.007528 0.996363 -0.084876 15.425900 -0.018782 0.085004 0.996204 -0.000000 0.000000 0.000000 0.000000 1.000000
0.999797 -0.016764 0.011221 0.000000 0.017664 0.996179 -0.085529 15.425900 -0.009744 0.085710 0.996273 0.000000 0.000000 0.000000 0.000000 1.000000
0.999785 -0.020307 0.004140 -0.000000 0.020587 0.996106 -0.085727 15.425900 -0.002383 0.085794 0.996310 -0.000000 0.000000 0.000000 0.000000 1.000000
0.999829 -0.018360 -0.002006 0.000000 0.018130 0.996388 -0.082963 15.425900 0.003522 0.082913 0.996551 0.000000 0.000000 0.000000 0.000000 1.000000
0.999886 -0.013393 -0.006956 -0.000000 0.012781 0.996582 -0.081612 15.425900 0.008025 0.081514 0.996640 -0.000000 0.000000 0.000000 0.000000 1.000000
0.999964 0.001567 -0.008371 -0.000000 -0.002297 0.996127 -0.087898 15.425900 0.008201 0.087915 0.996094 0.000000 0.000000 0.000000 0.000000 1.000000
0.999611 0.027461 -0.004915 0.000000 -0.027799 0.995312 -0.092634 15.425900 0.002348 0.092735 0.995688 0.000000 0.000000 0.000000 0.000000 1.000000
0.999208 0.039796 -0.000710 0.000000 -0.039691 0.994911 -0.092612 15.425900 -0.002979 0.092566 0.995702 0.000000 0.000000 0.000000 0.000000 1.000000
0.998802 0.048724 0.004591 -0.000000 -0.048072 0.994345 -0.094698 15.425900 -0.009179 0.094364 0.995495 0.000000 0.000000 0.000000 0.000000 1.000000
0.998459 0.054127 0.012274 0.000000 -0.052710 0.994016 -0.095674 15.425900 -0.017380 0.094880 0.995337 0.000000 0.000000 0.000000 0.000000 1.000000
0.998561 0.049282 0.021154 -0.000000 -0.047080 0.994428 -0.094322 15.425900 -0.025685 0.093190 0.995317 0.000000 0.000000 0.000000 0.000000 1.000000
0.998819 0.038413 0.029761 0.000000 -0.035396 0.994753 -0.095988 15.425900 -0.033292 0.094821 0.994938 0.000000 0.000000 0.000000 0.000000 1.000000
0.998815 0.030143 0.038206 -0.000000 -0.026119 0.994464 -0.101780 15.425900 -0.041062 0.100661 0.994073 -0.000000 0.000000 0.000000 0.000000 1.000000
0.998633 0.023103 0.046880 -0.000000 -0.017972 0.994089 -0.107075 15.425900 -0.049076 0.106086 0.993145 0.000000 0.000000 0.000000 0.000000 1.000000
0.998264 0.018197 0.056024 -0.000000 -0.012074 0.994104 -0.107759 15.425900 -0.057655 0.106895 0.992597 0.000000 0.000000 0.000000 0.000000 1.000000
0.997663 0.020207 0.065268 0.000000 -0.013257 0.994361 -0.105219 15.425900 -0.067026 0.104108 0.992305 0.000000 0.000000 0.000000 0.000000 1.000000
0.996765 0.029845 0.074629 -0.000000 -0.022114 0.994502 -0.102358 15.425900 -0.077274 0.100376 0.991944 0.000000 0.000000 0.000000 0.000000 1.000000
0.995765 0.039117 0.083200 -0.000000 -0.030679 0.994476 -0.100384 15.425900 -0.086667 0.097406 0.991464 0.000000 0.000000 0.000000 0.000000 1.000000
0.995090 0.042326 0.089465 0.000000 -0.033616 0.994744 -0.096719 15.425900 -0.093088 0.093236 0.991283 0.000000 0.000000 0.000000 0.000000 1.000000
0.994896 0.039709 0.092767 0.000000 -0.031232 0.995351 -0.091113 15.425900 -0.095954 0.087751 0.991510 0.000000 0.000000 0.000000 0.000000 1.000000
0.995083 0.032214 0.093664 0.000000 -0.024007 0.995879 -0.087461 15.425900 -0.096096 0.084783 0.991755 0.000000 0.000000 0.000000 0.000000 1.000000
0.995793 0.009143 0.091175 0.000000 -0.000707 0.995747 -0.092126 15.425900 -0.091629 0.091674 0.991564 -0.000000 0.000000 0.000000 0.000000 1.000000
0.996140 -0.002765 0.087730 0.000000 0.011129 0.995416 -0.094990 15.425900 -0.087065 0.095600 0.991605 0.000000 0.000000 0.000000 0.000000 1.000000
0.996605 -0.014104 0.081115 0.000000 0.021907 0.995129 -0.096121 15.425900 -0.079364 0.097572 0.992059 0.000000 0.000000 0.000000 0.000000 1.000000
0.997224 -0.023376 0.070695 -0.000000 0.029938 0.995194 -0.093230 15.425900 -0.068176 0.095087 0.993132 -0.000000 0.000000 0.000000 0.000000 1.000000
0.997990 -0.023150 0.058997 0.000000 0.028439 0.995496 -0.090438 15.425900 -0.056638 0.091934 0.994153 0.000000 0.000000 0.000000 0.000000 1.000000
0.998718 -0.014904 0.048378 -0.000000 0.019263 0.995672 -0.090923 15.425900 -0.046813 0.091739 0.994682 0.000000 0.000000 0.000000 0.000000 1.000000
0.999165 -0.004138 0.040648 0.000000 0.007830 0.995810 -0.091105 15.425900 -0.040101 0.091347 0.995011 0.000000 0.000000 0.000000 0.000000 1.000000
0.999301 0.004142 0.037152 0.000000 -0.000877 0.996167 -0.087471 15.425900 -0.037372 0.087377 0.995474 -0.000000 0.000000 0.000000 0.000000 1.000000</float_array>
        <technique_common>
          <accessor source="#mixamorig6_Neck-Matrix-animation-output-transform-array" count="32" stride="16">
            <param type="float4x4"/>
          </accessor>
        </technique_common>
      </source>
      <source id="mixamorig6_Neck-Interpolations">
        <Name_array id="mixamorig6_Neck-Interpolations-array" count="32">
 LINEAR LINEAR LINEAR LINEAR LINEAR LINEAR LINEAR LINEAR LINEAR LINEAR LINEAR
LINEAR LINEAR LINEAR LINEAR LINEAR LINEAR LINEAR LINEAR LINEAR LINEAR LINEAR LINEAR
LINEAR LINEAR LINEAR LINEAR LINEAR LINEAR LINEAR LINEAR LINEAR</Name_array>
        <technique_common>
          <accessor source="#mixamorig6_Neck-Interpolations-array" count="32">
            <param type="name"/>
          </accessor>
        </technique_common>
      </source>
      <sampler id="mixamorig6_Neck-Matrix-animation-transform">
        <input semantic="INPUT" source="#mixamorig6_Neck-Matrix-animation-input"/>
        <input semantic="OUTPUT" source="#mixamorig6_Neck-Matrix-animation-output-transform"/>
        <input semantic="INTERPOLATION" source="#mixamorig6_Neck-Interpolations"/>
      </sampler>
      <channel source="#mixamorig6_Neck-Matrix-animation-transform" target="mixamorig6_Neck/matrix"/>
    </animation>
    <animation id="mixamorig6_Head-anim" name="mixamorig6_Head">
      <source id="mixamorig6_Head-Matrix-animation-input">
        <float_array id="mixamorig6_Head-Matrix-animation-input-array" count="32">

0.000000 0.033333 0.066667 0.100000 0.133333 0.166667 0.200000 0.233333 0.266667 0.300000 0.333333 0.366667 0.400000 0.433333 0.466667 0.500000
0.533333 0.566667 0.600000 0.633333 0.666667 0.700000 0.733333 0.766667 0.800000 0.833333 0.866667 0.900000 0.933333 0.966667 1.000000 1.033333</float_array>
        <technique_common>
          <accessor source="#mixamorig6_Head-Matrix-animation-input-array" count="32">
            <param name="TIME" type="float"/>
          </accessor>
        </technique_common>
      </source>
      <source id="mixamorig6_Head-Matrix-animation-output-transform">
        <float_array id="mixamorig6_Head-Matrix-animation-output-transform-array" count="512">

0.999296 0.003778 0.037328 -0.000000 -0.004081 0.999959 0.008040 3.779800 -0.037296 -0.008186 0.999271 1.345900 0.000000 0.000000 0.000000 1.000000
0.999442 0.005482 0.032961 0.000000 -0.005732 0.999955 0.007507 3.779800 -0.032918 -0.007692 0.999428 1.345900 0.000000 0.000000 0.000000 1.000000
0.999618 0.004298 0.027311 0.000000 -0.004546 0.999949 0.009022 3.779800 -0.027271 -0.009143 0.999586 1.345900 0.000000 0.000000 0.000000 1.000000
0.999793 -0.003075 0.020118 0.000000 0.002862 0.999940 0.010592 3.779800 -0.020150 -0.010532 0.999741 1.345900 0.000000 0.000000 0.000000 1.000000
0.999854 -0.011781 0.012356 0.000000 0.011653 0.999878 0.010374 3.779800 -0.012476 -0.010228 0.999870 1.345900 0.000000 0.000000 0.000000 1.000000
0.999879 -0.014631 0.005365 0.000000 0.014573 0.999838 0.010572 3.779800 -0.005519 -0.010493 0.999930 1.345900 0.000000 0.000000 0.000000 1.000000
0.999919 -0.012706 -0.000825 -0.000000 0.012716 0.999830 0.013384 3.779800 0.000655 -0.013394 0.999910 1.345900 0.000000 0.000000 0.000000 1.000000
0.999943 -0.008833 -0.006023 0.000000 0.008918 0.999859 0.014248 3.779800 0.005896 -0.014301 0.999880 1.345900 0.000000 0.000000 0.000000 1.000000
0.999964 0.002126 -0.008257 0.000000 -0.002055 0.999961 0.008623 3.779800 0.008275 -0.008606 0.999929 1.345900 0.000000 0.000000 0.000000 1.000000
0.999753 0.021387 -0.006092 0.000000 -0.021354 0.999757 0.005425 3.779800 0.006206 -0.005293 0.999967 1.345900 0.000000 0.000000 0.000000 1.000000
0.999485 0.032015 -0.002175 0.000000 -0.032001 0.999469 0.006154 3.779800 0.002371 -0.006081 0.999979 1.345900 0.000000 0.000000 0.000000 1.000000
0.999185 0.040242 0.003035 0.000000 -0.040257 0.999177 0.004929 3.779800 -0.002834 -0.005047 0.999983 1.345900 0.000000 0.000000 0.000000 1.000000
0.998918 0.045269 0.010637 0.000000 -0.045315 0.998964 0.004150 3.779800 -0.010438 -0.004627 0.999935 1.345900 0.000000 0.000000 0.000000 1.000000
0.998954 0.041320 0.019597 0.000000 -0.041412 0.999133 0.004293 3.779800 -0.019402 -0.005100 0.999799 1.345900 0.000000 0.000000 0.000000 1.000000
0.999061 0.032607 0.028527 -0.000000 -0.032657 0.999466 0.001269 3.779800 -0.028471 -0.002200 0.999592 1.345900 0.000000 0.000000 0.000000 1.000000
0.998956 0.026409 0.037276 -0.000000 -0.026240 0.999643 -0.005017 3.779800 -0.037395 0.004034 0.999292 1.345900 0.000000 0.000000 0.000000 1.000000
0.998688 0.021812 0.046335 0.000000 -0.021350 0.999718 -0.010439 3.779800 -0.046550 0.009436 0.998871 1.345900 0.000000 0.000000 0.000000 1.000000
0.998260 0.018931 0.055845 0.000000 -0.018301 0.999763 -0.011772 3.779800 -0.056054 0.010730 0.998370 1.345900 0.000000 0.000000 0.000000 1.000000
0.997663 0.020821 0.065078 0.000000 -0.020234 0.999748 -0.009678 3.779800 -0.065263 0.008339 0.997833 1.345900 0.000000 0.000000 0.000000 1.000000
0.996851 0.028377 0.074042 -0.000000 -0.027985 0.999588 -0.006323 3.779800 -0.074191 0.004231 0.997235 1.345900 0.000000 0.000000 0.000000 1.000000
0.995962 0.035896 0.082284 0.000000 -0.035722 0.999355 -0.003585 3.779800 -0.082359 0.000632 0.996603 1.345900 0.000000 0.000000 0.000000 1.000000
0.995338 0.038307 0.088513 0.000000 -0.038506 0.999258 0.000545 3.779800 -0.088426 -0.003951 0.996075 1.345900 0.000000 0.000000 0.000000 1.000000
0.995116 0.035704 0.092031 0.000000 -0.036413 0.999319 0.006030 3.779800 -0.091753 -0.009352 0.995738 1.345900 0.000000 0.000000 0.000000 1.000000
0.995183 0.029849 0.093383 0.000000 -0.030807 0.999486 0.008835 3.779800 -0.093071 -0.011669 0.995591 1.345900 0.000000 0.000000 0.000000 1.000000
0.995661 0.013268 0.092105 -0.000000 -0.013670 0.999900 0.003731 3.779800 -0.092046 -0.004974 0.995742 1.345900 0.000000 0.000000 0.000000 1.000000
