<?xml version="1.0" encoding="utf-8"?>
<COLLADA xmlns="http://www.collada.org/2005/11/COLLADASchema" version="1.4.1">
  <asset>
    <contributor>
      <author>Mixamo</author>
      <authoring_tool>COLLADA Mixamo exporter</authoring_tool>
      <comments/>
    </contributor>
    <created>2024-03-17T13:56:55Z</created>
    <modified>2024-03-17T13:56:55Z</modified>
    <revision/>
    <title/>
    <unit meter="0.010000"/>
    <up_axis>Y_UP</up_axis>
  </asset>
  <library_animations>
    <animation id="mixamorig6_Hips-anim" name="mixamorig6_Hips">
      <source id="mixamorig6_Hips-Matrix-animation-input">
        <float_array id="mixamorig6_Hips-Matrix-animation-input-array" count="32">

0.000000 0.033333 0.066667 0.100000 0.133333 0.166667 0.200000 0.233333 0.266667 0.300000 0.333333 0.366667 0.400000 0.433333 0.466667 0.500000
0.533333 0.566667 0.600000 0.633333 0.666667 0.700000 0.733333 0.766667 0.800000 0.833333 0.866667 0.900000 0.933333 0.966667 1.000000 1.033333</float_array>
        <technique_common>
          <accessor source="#mixamorig6_Hips-Matrix-animation-input-array" count="32">
            <param name="TIME" type="float"/>
          </accessor>
        </technique_common>
      </source>
      <source id="mixamorig6_Hips-Matrix-animation-output-transform">
        <float_array id="mixamorig6_Hips-Matrix-animation-output-transform-array" count="512">

0.403724 -0.076380 -0.911687 -0.545595 0.002636 0.996602 -0.082327 96.039047 0.914877 0.030834 0.402554 0.155063 0.000000 0.000000 0.000000 1.000000
0.371908 -0.088584 -0.924033 -0.222569 0.012328 0.995820 -0.090504 96.000961 0.928188 0.022268 0.371445 0.443848 0.000000 0.000000 0.000000 1.000000
0.333246 -0.096328 -0.937906 -0.052901 0.005322 0.994943 -0.100295 95.226219 0.942825 0.028432 0.332073 0.799139 0.000000 0.000000 0.000000 1.000000
0.269201 -0.096247 -0.958263 -0.168101 -0.013773 0.994507 -0.103756 93.834282 0.962986 0.041129 0.266397 1.099403 0.000000 0.000000 0.000000 1.000000
0.190793 -0.093911 -0.977128 -0.666615 -0.037921 0.993965 -0.102934 91.832497 0.980897 0.056693 0.186081 1.310267 0.000000 0.000000 0.000000 1.000000
0.124008 -0.093007 -0.987913 -0.967513 -0.057287 0.993266 -0.100702 90.025574 0.990626 0.069082 0.117845 1.352239 0.000000 0.000000 0.000000 1.000000
0.095806 -0.096011 -0.990759 -1.168534 -0.061284 0.992880 -0.102142 88.661041 0.993512 0.070503 0.089240 1.294342 0.000000 0.000000 0.000000 1.000000
0.110129 -0.103901 -0.988472 -1.715064 -0.032017 0.993634 -0.108010 87.925896 0.993401 0.043543 0.106101 1.199279 0.000000 0.000000 0.000000 1.000000
0.145928 -0.109539 -0.983212 -2.568643 -0.003011 0.993797 -0.111166 87.619194 0.989291 0.019183 0.144693 1.162014 0.000000 0.000000 0.000000 1.000000
0.197753 -0.117934 -0.973132 -3.123240 0.037269 0.992923 -0.112759 88.033653 0.979543 -0.013969 0.200749 0.973156 0.000000 0.000000 0.000000 1.000000
0.251743 -0.127693 -0.959333 -2.870341 0.075066 0.990847 -0.112189 88.861145 0.964879 -0.043771 0.259024 0.897652 0.000000 0.000000 0.000000 1.000000
0.300058 -0.135111 -0.944304 -2.434489 0.097049 0.989106 -0.110684 90.114136 0.948971 -0.058432 0.309902 0.918180 0.000000 0.000000 0.000000 1.000000
0.338457 -0.136586 -0.931016 -2.084483 0.093680 0.989385 -0.111092 91.794937 0.936307 -0.049618 0.347660 0.760332 0.000000 0.000000 0.000000 1.000000
0.375261 -0.134137 -0.917162 -1.634887 0.073083 0.990675 -0.114986 93.466118 0.924034 -0.023879 0.381565 0.506346 0.000000 0.000000 0.000000 1.000000
0.398084 -0.133960 -0.907515 -1.041763 0.051087 0.990982 -0.123871 94.984673 0.915925 0.002949 0.401338 0.350634 0.000000 0.000000 0.000000 1.000000
0.404078 -0.132133 -0.905131 -0.261694 0.031651 0.990939 -0.130530 96.121506 0.914177 0.024096 0.404599 0.561860 0.000000 0.000000 0.000000 1.000000
0.407427 -0.131605 -0.903705 0.572892 0.021313 0.990663 -0.134660 96.641884 0.912989 0.035603 0.406428 0.954946 0.000000 0.000000 0.000000 1.000000
0.414506 -0.137525 -0.899595 1.222594 0.027120 0.989943 -0.138841 96.487183 0.909642 0.033154 0.414067 1.227817 0.000000 0.000000 0.000000 1.000000
0.427865 -0.149981 -0.891312 1.549541 0.048290 0.988521 -0.143158 95.661270 0.902552 0.018211 0.430197 1.387215 0.000000 0.000000 0.000000 1.000000
0.452451 -0.159711 -0.877371 1.407379 0.076418 0.987157 -0.140288 93.908974 0.888509 -0.003573 0.458845 1.476889 0.000000 0.000000 0.000000 1.000000
0.475331 -0.161723 -0.864816 1.347155 0.094472 0.986659 -0.132583 92.274467 0.874720 -0.018680 0.484268 1.593403 0.000000 0.000000 0.000000 1.000000
0.483431 -0.160539 -0.860536 1.457423 0.098913 0.986762 -0.128520 90.868423 0.869776 -0.022988 0.492911 1.635790 0.000000 0.000000 0.000000 1.000000
0.481615 -0.144969 -0.864310 1.190311 0.081419 0.989360 -0.120575 89.917221 0.872593 -0.012301 0.488294 1.528406 0.000000 0.000000 0.000000 1.000000
0.483268 -0.118291 -0.867444 0.309365 0.049616 0.992938 -0.107762 89.263412 0.874065 0.009039 0.485725 1.181399 0.000000 0.000000 0.000000 1.000000
0.483512 -0.106736 -0.868806 -0.550377 0.024741 0.993808 -0.108324 88.754036 0.874988 0.030881 0.483159 0.699065 0.000000 0.000000 0.000000 1.000000
0.480833 -0.099400 -0.871160 -1.016530 0.003298 0.993751 -0.111567 88.693405 0.876806 0.050773 0.478156 0.261375 0.000000 0.000000 0.000000 1.000000
0.488084 -0.080255 -0.869099 -1.198869 -0.024358 0.994123 -0.105480 89.290443 0.872457 0.072652 0.483260 -0.064591 0.000000 0.000000 0.000000 1.000000
0.488818 -0.069875 -0.869583 -1.274014 -0.035590 0.994360 -0.099907 90.495697 0.871660 0.079785 0.483574 -0.264802 0.000000 0.000000 0.000000 1.000000
0.467565 -0.069250 -0.881242 -1.248288 -0.031601 0.994980 -0.094955 92.175385 0.883394 0.072245 0.463029 -0.307682 0.000000 0.000000 0.000000 1.000000
0.443561 -0.067474 -0.893701 -1.143438 -0.026005 0.995773 -0.088088 93.830078 0.895867 0.062313 0.439932 -0.188873 0.000000 0.000000 0.000000 1.000000
0.425961 -0.068824 -0.902120 -0.900454 -0.014726 0.996443 -0.082973 95.246506 0.904622 0.048628 0.423432 -0.028421 0.000000 0.000000 0.000000 1.000000
0.403724 -0.076380 -0.911687 -0.545594 0.002636 0.996602 -0.082327 96.039055 0.914877 0.030834 0.402554 0.155064 0.000000 0.000000 0.000000 1.000000</float_array>
        <technique_common>
          <accessor source="#mixamorig6_Hips-Matrix-animation-output-transform-array" count="32" stride="16">
            <param type="float4x4"/>
          </accessor>
        </technique_common>
      </source>
      <source id="mixamorig6_Hips-Interpolations">
        <Name_array id="mixamorig6_Hips-Interpolations-array" count="32">
 LINEAR LINEAR LINEAR LINEAR LINEAR LINEAR LINEAR LINEAR LINEAR LINEAR LINEAR
LINEAR LINEAR LINEAR LINEAR LINEAR LINEAR LINEAR LINEAR LINEAR LINEAR LINEAR LINEAR
LINEAR LINEAR LINEAR LINEAR LINEAR LINEAR LINEAR LINEAR LINEAR</Name_array>
        <technique_common>
          <accessor source="#mixamorig6_Hips-Interpolations-array" count="32">
            <param type="name"/>
          </accessor>
        </technique_common>
      </source>
      <sampler id="mixamorig6_Hips-Matrix-animation-transform">
        <input semantic="INPUT" source="#mixamorig6_Hips-Matrix-animation-input"/>
        <input semantic="OUTPUT" source="#mixamorig6_Hips-Matrix-animation-output-transform"/>
        <input semantic="INTERPOLATION" source="#mixamorig6_Hips-Interpolations"/>
      </sampler>
      <channel source="#mixamorig6_Hips-Matrix-animation-transform" target="mixamorig6_Hips/matrix"/>
    </animation>
    <animation id="mixamorig6_Spine-anim" name="mixamorig6_Spine">
      <source id="mixamorig6_Spine-Matrix-animation-input">
        <float_array id="mixamorig6_Spine-Matrix-animation-input-array" count="32">

0.000000 0.033333 0.066667 0.100000 0.133333 0.166667 0.200000 0.233333 0.266667 0.300000 0.333333 0.366667 0.400000 0.433333 0.466667 0.500000
0.533333 0.566667 0.600000 0.633333 0.666667 0.700000 0.733333 0.766667 0.800000 0.833333 0.866667 0.900000 0.933333 0.966667 1.000000 1.033333</float_array>
        <technique_common>
          <accessor source="#mixamorig6_Spine-Matrix-animation-input-array" count="32">
            <param name="TIME" type="float"/>
          </accessor>
        </technique_common>
      </source>
      <source id="mixamorig6_Spine-Matrix-animation-output-transform">
        <float_array id="mixamorig6_Spine-Matrix-animation-output-transform-array" count="512">

0.991832 0.005449 0.127433 0.000000 -0.004516 0.999961 -0.007612 10.236600 -0.127469 0.006975 0.991818 -0.985400 0.000000 0.000000 0.000000 1.000000
0.988156 0.018249 0.152362 -0.000000 -0.017583 0.999829 -0.005721 10.236600 -0.152440 0.002974 0.988308 -0.985400 0.000000 0.000000 0.000000 1.000000
0.982529 0.012893 0.185664 -0.000000 -0.013320 0.999911 0.001054 10.236600 -0.185634 -0.003508 0.982613 -0.985400 0.000000 0.000000 0.000000 1.000000
0.970568 0.001630 0.240823 0.000000 -0.003371 0.999971 0.006816 10.236600 -0.240805 -0.007427 0.970545 -0.985400 0.000000 0.000000 0.000000 1.000000
0.953482 -0.009449 0.301303 0.000000 0.005047 0.999869 0.015385 10.236600 -0.301409 -0.013148 0.953404 -0.985400 0.000000 0.000000 0.000000 1.000000
0.936983 -0.016277 0.348995 -0.000000 0.011282 0.999803 0.016341 10.236600 -0.349192 -0.011374 0.936982 -0.985400 0.000000 0.000000 0.000000 1.000000
0.928768 -0.012986 0.370434 0.000000 0.008581 0.999872 0.013539 10.236600 -0.370563 -0.009396 0.928760 -0.985400 0.000000 0.000000 0.000000 1.000000
0.932040 0.019182 0.361849 0.000000 -0.023353 0.999702 0.007157 10.236600 -0.361603 -0.015121 0.932209 -0.985400 0.000000 0.000000 0.000000 1.000000
0.936544 0.044708 0.347687 0.000000 -0.049217 0.998780 0.004142 10.236600 -0.347077 -0.020991 0.937602 -0.985400 0.000000 0.000000 0.000000 1.000000
0.941437 0.081922 0.327087 0.000000 -0.084893 0.996376 -0.005209 10.236600 -0.326329 -0.022863 0.944980 -0.985400 0.000000 0.000000 0.000000 1.000000
0.951855 0.108961 0.286531 0.000000 -0.108763 0.993928 -0.016657 10.236600 -0.286606 -0.015309 0.957926 -0.985400 0.000000 0.000000 0.000000 1.000000
0.965801 0.114681 0.232542 0.000000 -0.112874 0.993385 -0.021111 10.236600 -0.233425 -0.005859 0.972357 -0.985400 0.000000 0.000000 0.000000 1.000000
0.975854 0.102423 0.192921 0.000000 -0.100092 0.994739 -0.021812 10.236600 -0.194140 0.001975 0.980972 -0.985400 0.000000 0.000000 0.000000 1.000000
0.984038 0.075648 0.161080 -0.000000 -0.073589 0.997113 -0.018717 10.236600 -0.162031 0.006564 0.986764 -0.985400 0.000000 0.000000 0.000000 1.000000
0.989096 0.045536 0.140054 0.000000 -0.044069 0.998936 -0.013561 10.236600 -0.140522 0.007241 0.990051 -0.985400 0.000000 0.000000 0.000000 1.000000
0.991430 0.019237 0.129213 0.000000 -0.018101 0.999787 -0.009960 10.236600 -0.129377 0.007535 0.991567 -0.985400 0.000000 0.000000 0.000000 1.000000
0.992965 0.004323 0.118333 0.000000 -0.003469 0.999966 -0.007418 10.236600 -0.118361 0.006956 0.992946 -0.985400 0.000000 0.000000 0.000000 1.000000
0.994636 0.008169 0.103112 0.000000 -0.007560 0.999952 -0.006297 10.236600 -0.103158 0.005483 0.994650 -0.985400 0.000000 0.000000 0.000000 1.000000
0.996354 0.028373 0.080459 0.000000 -0.028179 0.999597 -0.003550 10.236600 -0.080527 0.001270 0.996752 -0.985400 0.000000 0.000000 0.000000 1.000000
0.997290 0.052535 0.051511 0.000000 -0.052619 0.998615 0.000279 10.236600 -0.051425 -0.002989 0.998672 -0.985400 0.000000 0.000000 0.000000 1.000000
0.997715 0.059829 0.031403 0.000000 -0.059852 0.998207 -0.000208 10.236600 -0.031359 -0.001672 0.999507 -0.985400 0.000000 0.000000 0.000000 1.000000
0.998270 0.053345 0.024745 0.000000 -0.053302 0.998576 -0.002379 10.236600 -0.024837 0.001056 0.999691 -0.985400 0.000000 0.000000 0.000000 1.000000
0.999120 0.031278 0.027929 0.000000 -0.031148 0.999502 -0.005096 10.236600 -0.028075 0.004222 0.999597 -0.985400 0.000000 0.000000 0.000000 1.000000
0.999409 0.001749 0.034330 -0.000000 -0.001597 0.999989 -0.004439 10.236600 -0.034338 0.004382 0.999401 -0.985400 0.000000 0.000000 0.000000 1.000000
0.998906 -0.020333 0.042099 0.000000 0.020223 0.999791 0.003042 10.236600 -0.042153 -0.002187 0.999109 -0.985400 0.000000 0.000000 0.000000 1.000000
0.998127 -0.038404 0.047621 0.000000 0.038188 0.999256 0.005442 10.236600 -0.047794 -0.003613 0.998851 -0.985400 0.000000 0.000000 0.000000 1.000000
0.996925 -0.060297 0.050057 0.000000 0.060316 0.998179 0.001147 10.236600 -0.050035 0.001876 0.998746 -0.985400 0.000000 0.000000 0.000000 1.000000
0.996088 -0.063887 0.061055 -0.000000 0.064059 0.997946 -0.000859 10.236600 -0.060875 0.004767 0.998134 -0.985400 0.000000 0.000000 0.000000 1.000000
0.995328 -0.049308 0.083010 -0.000000 0.049646 0.998765 -0.002019 10.236600 -0.082808 0.006131 0.996547 -0.985400 0.000000 0.000000 0.000000 1.000000
0.994279 -0.034034 0.101244 0.000000 0.034572 0.999396 -0.003556 10.236600 -0.101062 0.007036 0.994855 -0.985400 0.000000 0.000000 0.000000 1.000000
0.993483 -0.016393 0.112792 -0.000000 0.017149 0.999836 -0.005741 10.236600 -0.112679 0.007638 0.993602 -0.985400 0.000000 0.000000 0.000000 1.000000
0.991832 0.005449 0.127433 -0.000000 -0.004516 0.999961 -0.007612 10.236600 -0.127470 0.006974 0.991818 -0.985400 0.000000 0.000000 0.000000 1.000000</float_array>
        <technique_common>
          <accessor source="#mixamorig6_Spine-Matrix-animation-output-transform-array" count="32" stride="16">
            <param type="float4x4"/>
          </accessor>
        </technique_common>
      </source>
      <source id="mixamorig6_Spine-Interpolations">
        <Name_array id="mixamorig6_Spine-Interpolations-array" count="32">
 LINEAR LINEAR LINEAR LINEAR LINEAR LINEAR LINEAR LINEAR LINEAR LINEAR LINEAR
LINEAR LINEAR LINEAR LINEAR LINEAR LINEAR LINEAR LINEAR LINEAR LINEAR LINEAR LINEAR
LINEAR LINEAR LINEAR LINEAR LINEAR LINEAR LINEAR LINEAR LINEAR</Name_array>
        <technique_common>
          <accessor source="#mixamorig6_Spine-Interpolations-array" count="32">
            <param type="name"/>
          </accessor>
        </technique_common>
      </source>
      <sampler id="mixamorig6_Spine-Matrix-animation-transform">
        <input semantic="INPUT" source="#mixamorig6_Spine-Matrix-animation-input"/>
        <input semantic="OUTPUT" source="#mixamorig6_Spine-Matrix-animation-output-transform"/>
        <input semantic="INTERPOLATION" source="#mixamorig6_Spine-Interpolations"/>
      </sampler>
      <channel source="#mixamorig6_Spine-Matrix-animation-transform" target="mixamorig6_Spine/matrix"/>
    </animation>
    <animation id="mixamorig6_Spine1-anim" name="mixamorig6_Spine1">
      <source id="mixamorig6_Spine1-Matrix-animation-input">
        <float_array id="mixamorig6_Spine1-Matrix-animation-input-array" count="32">

0.000000 0.033333 0.066667 0.100000 0.133333 0.166667 0.200000 0.233333 0.266667 0.300000 0.333333 0.366667 0.400000 0.433333 0.466667 0.500000
0.533333 0.566667 0.600000 0.633333 0.666667 0.700000 0.733333 0.766667 0.800000 0.833333 0.866667 0.900000 0.933333 0.966667 1.000000 1.033333</float_array>
        <technique_common>
          <accessor source="#mixamorig6_Spine1-Matrix-animation-input-array" count="32">
            <param name="TIME" type="float"/>
          </accessor>
        </technique_common>
      </source>
      <source id="mixamorig6_Spine1-Matrix-animation-output-transform">
        <float_array id="mixamorig6_Spine1-Matrix-animation-output-transform-array" count="512">

0.996539 -0.000876 0.083118 -0.000000 0.006947 0.997324 -0.072777 11.997900 -0.082832 0.073103 0.993879 0.000000 0.000000 0.000000 0.000000 1.000000
0.995905 0.006880 0.090139 0.000000 -0.000511 0.997512 -0.070492 11.997900 -0.090399 0.070158 0.993431 0.000000 0.000000 0.000000 0.000000 1.000000
0.995092 0.008966 0.098549 0.000000 -0.002496 0.997844 -0.065587 11.997900 -0.098925 0.065019 0.992968 0.000000 0.000000 0.000000 0.000000 1.000000
0.994179 0.005651 0.107591 -0.000000 0.000896 0.998155 -0.060706 11.997900 -0.107735 0.060449 0.992340 0.000000 0.000000 0.000000 0.000000 1.000000
0.993109 0.001045 0.117190 -0.000000 0.005505 0.998440 -0.055556 11.997900 -0.117065 0.055818 0.991554 0.000000 0.000000 0.000000 0.000000 1.000000
0.992213 -0.001322 0.124543 -0.000000 0.008097 0.998513 -0.053908 11.997900 -0.124287 0.054496 0.990749 0.000000 0.000000 0.000000 0.000000 1.000000
0.991843 0.001999 0.127448 0.000000 0.005290 0.998370 -0.056830 11.997900 -0.127354 0.057041 0.990216 0.000000 0.000000 0.000000 0.000000 1.000000
0.991702 0.011876 0.128010 -0.000000 -0.004331 0.998245 -0.059058 11.997900 -0.128487 0.058013 0.990013 0.000000 0.000000 0.000000 0.000000 1.000000
0.991937 0.023528 0.124529 -0.000000 -0.016442 0.998203 -0.057630 11.997900 -0.125661 0.055118 0.990541 0.000000 0.000000 0.000000 0.000000 1.000000
0.992241 0.034417 0.119473 0.000000 -0.027194 0.997732 -0.061574 11.997900 -0.121321 0.057847 0.990926 0.000000 0.000000 0.000000 0.000000 1.000000
0.991719 0.040320 0.121934 0.000000 -0.032161 0.997156 -0.068159 11.997900 -0.124335 0.063673 0.990195 0.000000 0.000000 0.000000 0.000000 1.000000
0.991166 0.042157 0.125747 0.000000 -0.033327 0.996883 -0.071511 11.997900 -0.128370 0.066689 0.989482 0.000000 0.000000 0.000000 0.000000 1.000000
0.992074 0.038430 0.119638 0.000000 -0.029705 0.996825 -0.073879 11.997900 -0.122097 0.069740 0.990065 0.000000 0.000000 0.000000 0.000000 1.000000
0.993720 0.030912 0.107541 -0.000000 -0.022873 0.996906 -0.075199 11.997900 -0.109533 0.072267 0.991353 0.000000 0.000000 0.000000 0.000000 1.000000
0.995133 0.022821 0.095859 0.000000 -0.015627 0.997051 -0.075130 11.997900 -0.097291 0.073266 0.992556 0.000000 0.000000 0.000000 0.000000 1.000000
0.996077 0.014124 0.087361 0.000000 -0.007564 0.997157 -0.074968 11.997900 -0.088172 0.074013 0.993352 0.000000 0.000000 0.000000 0.000000 1.000000
0.996586 0.007473 0.082226 0.000000 -0.001340 0.997228 -0.074388 11.997900 -0.082554 0.074024 0.993834 0.000000 0.000000 0.000000 0.000000 1.000000
0.996867 0.004523 0.078965 0.000000 0.001278 0.997312 -0.073261 11.997900 -0.079084 0.073133 0.994182 0.000000 0.000000 0.000000 0.000000 1.000000
0.997228 0.007018 0.074073 0.000000 -0.001816 0.997541 -0.070064 11.997900 -0.074382 0.069735 0.994789 0.000000 0.000000 0.000000 0.000000 1.000000
0.997685 0.013994 0.066552 0.000000 -0.009641 0.997821 -0.065278 11.997900 -0.067320 0.064485 0.995645 0.000000 0.000000 0.000000 0.000000 1.000000
0.998058 0.018888 0.059354 0.000000 -0.015000 0.997755 -0.065267 11.997900 -0.060454 0.064250 0.996101 0.000000 0.000000 0.000000 0.000000 1.000000
0.998325 0.018500 0.054816 0.000000 -0.014785 0.997616 -0.067410 11.997900 -0.055932 0.066486 0.996218 -0.000000 0.000000 0.000000 0.000000 1.000000
0.998513 0.010821 0.053431 0.000000 -0.007050 0.997504 -0.070256 11.997900 -0.054057 0.069775 0.996097 0.000000 0.000000 0.000000 0.000000 1.000000
0.998497 0.000477 0.054808 0.000000 0.003447 0.997436 -0.071476 11.997900 -0.054702 0.071557 0.995935 0.000000 0.000000 0.000000 0.000000 1.000000
0.998256 -0.006140 0.058720 -0.000000 0.010152 0.997615 -0.068275 11.997900 -0.058160 0.068752 0.995937 0.000000 0.000000 0.000000 0.000000 1.000000
0.998052 -0.014241 0.060742 0.000000 0.018350 0.997542 -0.067630 11.997900 -0.059629 0.068613 0.995860 0.000000 0.000000 0.000000 0.000000 1.000000
0.998019 -0.025001 0.057739 0.000000 0.029069 0.997072 -0.070723 11.997900 -0.055802 0.072261 0.995824 -0.000000 0.000000 0.000000 0.000000 1.000000
0.997866 -0.026358 0.059735 0.000000 0.030627 0.996955 -0.071713 11.997900 -0.057663 0.073389 0.995635 0.000000 0.000000 0.000000 0.000000 1.000000
0.997357 -0.020521 0.069697 0.000000 0.025531 0.997095 -0.071762 11.997900 -0.068022 0.073352 0.994984 -0.000000 0.000000 0.000000 0.000000 1.000000
0.996931 -0.015431 0.076747 -0.000000 0.020959 0.997202 -0.071749 11.997900 -0.075425 0.073138 0.994466 0.000000 0.000000 0.000000 0.000000 1.000000
0.996817 -0.009544 0.079150 -0.000000 0.015297 0.997258 -0.072404 11.997900 -0.078242 0.073384 0.994230 0.000000 0.000000 0.000000 0.000000 1.000000
0.996539 -0.000876 0.083118 0.000000 0.006947 0.997324 -0.072777 11.997900 -0.082832 0.073103 0.993879 0.000000 0.000000 0.000000 0.000000 1.000000</float_array>
        <technique_common>
          <accessor source="#mixamorig6_Spine1-Matrix-animation-output-transform-array" count="32" stride="16">
            <param type="float4x4"/>
          </accessor>
        </technique_common>
      </source>
      <source id="mixamorig6_Spine1-Interpolations">
        <Name_array id="mixamorig6_Spine1-Interpolations-array" count="32">
 LINEAR LINEAR LINEAR LINEAR LINEAR LINEAR LINEAR LINEAR LINEAR LINEAR LINEAR
LINEAR LINEAR LINEAR LINEAR LINEAR LINEAR LINEAR LINEAR LINEAR LINEAR LINEAR LINEAR
LINEAR LINEAR LINEAR LINEAR LINEAR LINEAR LINEAR LINEAR LINEAR</Name_array>
        <technique_common>
          <accessor source="#mixamorig6_Spine1-Interpolations-array" count="32">
            <param type="name"/>
          </accessor>
        </technique_common>
      </source>
      <sampler id="mixamorig6_Spine1-Matrix-animation-transform">
        <input semantic="INPUT" source="#mixamorig6_Spine1-Matrix-animation-input"/>
        <input semantic="OUTPUT" source="#mixamorig6_Spine1-Matrix-animation-output-transform"/>
        <input semantic="INTERPOLATION" source="#mixamorig6_Spine1-Interpolations"/>
      </sampler>
      <channel source="#mixamorig6_Spine1-Matrix-animation-transform" target="mixamorig6_Spine1/matrix"/>
    </animation>
    <animation id="mixamorig6_Spine2-anim" name="mixamorig6_Spine2">
      <source id="mixamorig6_Spine2-Matrix-animation-input">
        <float_array id="mixamorig6_Spine2-Matrix-animation-input-array" count="32">

0.000000 0.033333 0.066667 0.100000 0.133333 0.166667 0.200000 0.233333 0.266667 0.300000 0.333333 0.366667 0.400000 0.433333 0.466667 0.500000
0.533333 0.566667 0.600000 0.633333 0.666667 0.700000 0.733333 0.766667 0.800000 0.833333 0.866667 0.900000 0.933333 0.966667 1.000000 1.033333</float_array>
        <technique_common>
          <accessor source="#mixamorig6_Spine2-Matrix-animation-input-array" count="32">
            <param name="TIME" type="float"/>
          </accessor>
        </technique_common>
      </source>
      <source id="mixamorig6_Spine2-Matrix-animation-output-transform">
        <float_array id="mixamorig6_Spine2-Matrix-animation-output-transform-array" count="512">

0.996504 -0.001266 0.083541 0.000000 0.007329 0.997355 -0.072310 13.711900 -0.083228 0.072669 0.993877 0.000000 0.000000 0.000000 0.000000 1.000000
0.995853 0.006578 0.090742 -0.000000 -0.000230 0.997562 -0.069785 13.711900 -0.090980 0.069474 0.993426 0.000000 0.000000 0.000000 0.000000 1.000000
0.995014 0.008920 0.099331 0.000000 -0.002507 0.997914 -0.064506 13.711900 -0.099699 0.063935 0.992961 0.000000 0.000000 0.000000 0.000000 1.000000
0.994088 0.006007 0.108412 0.000000 0.000446 0.998234 -0.059408 13.711900 -0.108577 0.059105 0.992329 0.000000 0.000000 0.000000 0.000000 1.000000
0.993016 0.002043 0.117964 -0.000000 0.004396 0.998515 -0.054295 13.711900 -0.117900 0.054435 0.991532 0.000000 0.000000 0.000000 0.000000 1.000000
0.992115 -0.000141 0.125327 0.000000 0.006783 0.998594 -0.052569 13.711900 -0.125143 0.053004 0.990722 0.000000 0.000000 0.000000 0.000000 1.000000
0.991743 0.002875 0.128206 0.000000 0.004261 0.998458 -0.055348 13.711900 -0.128167 0.055437 0.990202 0.000000 0.000000 0.000000 0.000000 1.000000
0.991614 0.012204 0.128657 0.000000 -0.004818 0.998330 -0.057561 13.711900 -0.129144 0.056459 0.990017 0.000000 0.000000 0.000000 0.000000 1.000000
0.991858 0.023469 0.125168 -0.000000 -0.016549 0.998291 -0.056042 13.711900 -0.126269 0.053514 0.990552 -0.000000 0.000000 0.000000 0.000000 1.000000
0.992176 0.034076 0.120104 0.000000 -0.026987 0.997824 -0.060161 13.711900 -0.121892 0.056449 0.990937 0.000000 0.000000 0.000000 0.000000 1.000000
0.991660 0.039730 0.122605 0.000000 -0.031694 0.997262 -0.066810 13.711900 -0.124923 0.062367 0.990204 -0.000000 0.000000 0.000000 0.000000 1.000000
0.991116 0.041592 0.126330 0.000000 -0.032882 0.996986 -0.070268 13.711900 -0.128872 0.065490 0.989496 0.000000 0.000000 0.000000 0.000000 1.000000
0.992035 0.038072 0.120072 0.000000 -0.029426 0.996900 -0.072974 13.711900 -0.122478 0.068859 0.990080 -0.000000 0.000000 0.000000 0.000000 1.000000
0.993690 0.030651 0.107888 0.000000 -0.022650 0.996955 -0.074621 13.711900 -0.109847 0.071706 0.991359 0.000000 0.000000 0.000000 0.000000 1.000000
0.995107 0.022495 0.096212 0.000000 -0.015313 0.997085 -0.074745 13.711900 -0.097613 0.072906 0.992550 0.000000 0.000000 0.000000 0.000000 1.000000
0.996046 0.013723 0.087768 0.000000 -0.007164 0.997187 -0.074607 13.711900 -0.088545 0.073683 0.993343 -0.000000 0.000000 0.000000 0.000000 1.000000
0.996556 0.006992 0.082627 0.000000 -0.000859 0.997256 -0.074026 13.711900 -0.082918 0.073700 0.993827 -0.000000 0.000000 0.000000 0.000000 1.000000
0.996850 0.004006 0.079209 0.000000 0.001795 0.997328 -0.073031 13.711900 -0.079290 0.072943 0.994179 -0.000000 0.000000 0.000000 0.000000 1.000000
0.997233 0.006594 0.074050 0.000000 -0.001392 0.997540 -0.070082 13.711900 -0.074330 0.069785 0.994789 -0.000000 0.000000 0.000000 0.000000 1.000000
0.997714 0.013862 0.066137 0.000000 -0.009514 0.997800 -0.065612 13.711900 -0.066901 0.064833 0.995651 0.000000 0.000000 0.000000 0.000000 1.000000
0.998091 0.018886 0.058804 0.000000 -0.015011 0.997729 -0.065657 13.711900 -0.059910 0.064649 0.996108 0.000000 0.000000 0.000000 0.000000 1.000000
0.998349 0.018460 0.054401 0.000000 -0.014758 0.997598 -0.067685 13.711900 -0.055520 0.066770 0.996222 0.000000 0.000000 0.000000 0.000000 1.000000
0.998524 0.010697 0.053247 -0.000000 -0.006933 0.997496 -0.070387 13.711900 -0.053866 0.069914 0.996098 0.000000 0.000000 0.000000 0.000000 1.000000
0.998495 0.000206 0.054843 0.000000 0.003719 0.997437 -0.071456 13.711900 -0.054717 0.071552 0.995935 0.000000 0.000000 0.000000 0.000000 1.000000
0.998236 -0.006655 0.059001 0.000000 0.010671 0.997627 -0.068015 13.711900 -0.058408 0.068524 0.995938 0.000000 0.000000 0.000000 0.000000 1.000000
0.998013 -0.014894 0.061218 -0.000000 0.019004 0.997565 -0.067110 13.711900 -0.060069 0.068140 0.995866 0.000000 0.000000 0.000000 0.000000 1.000000
0.997975 -0.025596 0.058227 0.000000 0.029667 0.997095 -0.070157 13.711900 -0.056262 0.071742 0.995835 -0.000000 0.000000 0.000000 0.000000 1.000000
0.997831 -0.026874 0.060094 -0.000000 0.031142 0.996972 -0.071258 13.711900 -0.057998 0.072975 0.995646 0.000000 0.000000 0.000000 0.000000 1.000000
0.997332 -0.020987 0.069921 -0.000000 0.025983 0.997114 -0.071328 13.711900 -0.068222 0.072954 0.994999 0.000000 0.000000 0.000000 0.000000 1.000000
0.996909 -0.015806 0.076961 -0.000000 0.021327 0.997216 -0.071454 13.711900 -0.075617 0.072874 0.994470 0.000000 0.000000 0.000000 0.000000 1.000000
0.996789 -0.009903 0.079461 -0.000000 0.015650 0.997279 -0.072035 13.711900 -0.078532 0.073047 0.994232 0.000000 0.000000 0.000000 0.000000 1.000000
0.996504 -0.001266 0.083541 0.000000 0.007329 0.997355 -0.072310 13.711900 -0.083228 0.072669 0.993877 -0.000000 0.000000 0.000000 0.000000 1.000000</float_array>
        <technique_common>
          <accessor source="#mixamorig6_Spine2-Matrix-animation-output-transform-array" count="32" stride="16">
            <param type="float4x4"/>
          </accessor>
        </technique_common>
      </source>
      <source id="mixamorig6_Spine2-Interpolations">
        <Name_array id="mixamorig6_Spine2-Interpolations-array" count="32">
 LINEAR LINEAR LINEAR LINEAR LINEAR LINEAR LINEAR LINEAR LINEAR LINEAR LINEAR
LINEAR LINEAR LINEAR LINEAR LINEAR LINEAR LINEAR LINEAR LINEAR LINEAR LINEAR LINEAR
LINEAR LINEAR LINEAR LINEAR LINEAR LINEAR LINEAR LINEAR LINEAR</Name_array>
        <technique_common>
          <accessor source="#mixamorig6_Spine2-Interpolations-array" count="32">
            <param type="name"/>
          </accessor>
        </technique_common>
      </source>
      <sampler id="mixamorig6_Spine2-Matrix-animation-transform">
        <input semantic="INPUT" source="#mixamorig6_Spine2-Matrix-animation-input"/>
        <input semantic="OUTPUT" source="#mixamorig6_Spine2-Matrix-animation-output-transform"/>
        <input semantic="INTERPOLATION" source="#mixamorig6_Spine2-Interpolations"/>
      </sampler>
      <channel source="#mixamorig6_Spine2-Matrix-animation-transform" target="mixamorig6_Spine2/matrix"/>
    </animation>
    <animation id="mixamorig6_Neck-anim" name="mixamorig6_Neck">
      <source id="mixamorig6_Neck-Matrix-animation-input">
        <float_array id="mixamorig6_Neck-Matrix-animation-input-array" count="32">

0.000000 0.033333 0.066667 0.100000 0.133333 0.166667 0.200000 0.233333 0.266667 0.300000 0.333333 0.366667 0.400000 0.433333 0.466667 0.500000
0.533333 0.566667 0.600000 0.633333 0.666667 0.700000 0.733333 0.766667 0.800000 0.833333 0.866667 0.900000 0.933333 0.966667 1.000000 1.033333</float_array>
        <technique_common>
          <accessor source="#mixamorig6_Neck-Matrix-animation-input-array" count="32">
            <param name="TIME" type="float"/>
          </accessor>
        </technique_common>
      </source>
      <source id="mixamorig6_Neck-Matrix-animation-output-transform">
        <float_array id="mixamorig6_Neck-Matrix-animation-output-transform-array" count="512">

0.994679 -0.032993 0.097600 0.000000 0.049980 0.982924 -0.177092 15.425900 -0.090091 0.181028 0.979343 0.000000 0.000000 0.000000 0.000000 1.000000
0.994724 -0.031799 0.097531 0.000000 0.048847 0.982865 -0.177735 15.425900 -0.090208 0.181561 0.979233 0.000000 0.000000 0.000000 0.000000 1.000000
0.994858 -0.026725 0.097692 -0.000000 0.043818 0.983187 -0.177265 15.425900 -0.091312 0.180634 0.979303 0.000000 0.000000 0.000000 0.000000 1.000000
0.994889 -0.022706 0.098385 0.000000 0.039639 0.983993 -0.173740 15.425900 -0.092865 0.176752 0.979865 0.000000 0.000000 0.000000 0.000000 1.000000
0.994727 -0.023757 0.099773 0.000000 0.040451 0.984820 -0.168797 15.425900 -0.094249 0.171943 0.980588 0.000000 0.000000 0.000000 0.000000 1.000000
0.994542 -0.022921 0.101789 0.000000 0.039359 0.985914 -0.162556 15.425900 -0.096629 0.165675 0.981435 0.000000 0.000000 0.000000 0.000000 1.000000
0.994452 -0.020807 0.103114 0.000000 0.037209 0.986447 -0.159808 15.425900 -0.098392 0.162758 0.981748 0.000000 0.000000 0.000000 0.000000 1.000000
0.994459 -0.023110 0.102550 0.000000 0.039363 0.986425 -0.159426 15.425900 -0.097473 0.162580 0.981869 0.000000 0.000000 0.000000 0.000000 1.000000
0.994643 -0.022863 0.100812 0.000000 0.038948 0.986251 -0.160599 15.425900 -0.095755 0.163665 0.981858 -0.000000 0.000000 0.000000 0.000000 1.000000
0.994863 -0.025498 0.097965 -0.000000 0.041158 0.986043 -0.161320 15.425900 -0.092485 0.164524 0.982028 -0.000000 0.000000 0.000000 0.000000 1.000000
0.995082 -0.018838 0.097251 0.000000 0.034916 0.985444 -0.166373 15.425900 -0.092702 0.168951 0.981255 0.000000 0.000000 0.000000 0.000000 1.000000
0.994990 -0.009435 0.099524 0.000000 0.026486 0.984841 -0.171426 15.425900 -0.096397 0.173203 0.980157 0.000000 0.000000 0.000000 0.000000 1.000000
0.994826 -0.008748 0.101218 -0.000000 0.026053 0.984938 -0.170931 15.425900 -0.098199 0.172684 0.980070 -0.000000 0.000000 0.000000 0.000000 1.000000
0.994725 -0.008717 0.102206 0.000000 0.026523 0.984356 -0.174181 15.425900 -0.099089 0.175973 0.979395 -0.000000 0.000000 0.000000 0.000000 1.000000
0.994580 -0.007156 0.103725 0.000000 0.025802 0.983409 -0.179560 15.425900 -0.100719 0.181263 0.978263 -0.000000 0.000000 0.000000 0.000000 1.000000
0.994457 -0.005770 0.104990 0.000000 0.024649 0.983463 -0.179422 15.425900 -0.102219 0.181015 0.978154 0.000000 0.000000 0.000000 0.000000 1.000000
0.994383 -0.007612 0.105570 0.000000 0.026223 0.984032 -0.176048 15.425900 -0.102544 0.177827 0.978704 -0.000000 0.000000 0.000000 0.000000 1.000000
0.994298 -0.011063 0.106065 0.000000 0.029163 0.984899 -0.170654 15.425900 -0.102575 0.172774 0.979606 0.000000 0.000000 0.000000 0.000000 1.000000
0.994118 -0.014628 0.107314 -0.000000 0.032189 0.985969 -0.163793 15.425900 -0.103413 0.166284 0.980640 0.000000 0.000000 0.000000 0.000000 1.000000
0.993896 -0.018188 0.108809 0.000000 0.035596 0.986434 -0.160252 15.425900 -0.104418 0.163147 0.981061 0.000000 0.000000 0.000000 0.000000 1.000000
0.993832 -0.019817 0.109107 -0.000000 0.037105 0.986616 -0.158781 15.425900 -0.104500 0.161850 0.981267 0.000000 0.000000 0.000000 0.000000 1.000000
0.993852 -0.018364 0.109183 0.000000 0.035567 0.986835 -0.157772 15.425900 -0.104848 0.160686 0.981421 -0.000000 0.000000 0.000000 0.000000 1.000000
0.993885 -0.014910 0.109411 0.000000 0.032422 0.986573 -0.160068 15.425900 -0.105556 0.162636 0.981024 0.000000 0.000000 0.000000 0.000000 1.000000
0.994012 -0.014056 0.108364 -0.000000 0.031811 0.985962 -0.163912 15.425900 -0.104538 0.166378 0.980505 0.000000 0.000000 0.000000 0.000000 1.000000
0.994184 -0.015228 0.106615 -0.000000 0.032684 0.985926 -0.163959 15.425900 -0.102618 0.166490 0.980689 0.000000 0.000000 0.000000 0.000000 1.000000
0.994256 -0.013870 0.106126 -0.000000 0.030956 0.986454 -0.161090 15.425900 -0.102454 0.163450 0.981217 -0.000000 0.000000 0.000000 0.000000 1.000000
0.994365 -0.013497 0.105144 0.000000 0.030235 0.986772 -0.159269 15.425900 -0.101603 0.161550 0.981620 -0.000000 0.000000 0.000000 0.000000 1.000000
0.994607 -0.018582 0.102040 -0.000000 0.034741 0.986677 -0.158942 15.425900 -0.097727 0.161630 0.982001 0.000000 0.000000 0.000000 0.000000 1.000000
0.994769 -0.025464 0.098922 -0.000000 0.041254 0.986090 -0.161012 15.425900 -0.093446 0.164251 0.981983 -0.000000 0.000000 0.000000 0.000000 1.000000
0.994754 -0.030093 0.097769 0.000000 0.046206 0.984877 -0.166982 15.425900 -0.091266 0.170623 0.981101 0.000000 0.000000 0.000000 0.000000 1.000000
0.994699 -0.032076 0.097698 0.000000 0.048767 0.983613 -0.173573 15.425900 -0.090530 0.177418 0.979963 0.000000 0.000000 0.000000 0.000000 1.000000
0.994679 -0.032993 0.097600 -0.000000 0.049980 0.982924 -0.177092 15.425900 -0.090091 0.181028 0.979343 0.000000 0.000000 0.000000 0.000000 1.000000</float_array>
        <technique_common>
          <accessor source="#mixamorig6_Neck-Matrix-animation-output-transform-array" count="32" stride="16">
            <param type="float4x4"/>
          </accessor>
        </technique_common>
      </source>
      <source id="mixamorig6_Neck-Interpolations">
        <Name_array id="mixamorig6_Neck-Interpolations-array" count="32">
 LINEAR LINEAR LINEAR LINEAR LINEAR LINEAR LINEAR LINEAR LINEAR LINEAR LINEAR
LINEAR LINEAR LINEAR LINEAR LINEAR LINEAR LINEAR LINEAR LINEAR LINEAR LINEAR LINEAR
LINEAR LINEAR LINEAR LINEAR LINEAR LINEAR LINEAR LINEAR LINEAR</Name_array>
        <technique_common>
          <accessor source="#mixamorig6_Neck-Interpolations-array" count="32">
            <param type="name"/>
          </accessor>
        </technique_common>
      </source>
      <sampler id="mixamorig6_Neck-Matrix-animation-transform">
        <input semantic="INPUT" source="#mixamorig6_Neck-Matrix-animation-input"/>
        <input semantic="OUTPUT" source="#mixamorig6_Neck-Matrix-animation-output-transform"/>
        <input semantic="INTERPOLATION" source="#mixamorig6_Neck-Interpolations"/>
      </sampler>
      <channel source="#mixamorig6_Neck-Matrix-animation-transform" target="mixamorig6_Neck/matrix"/>
    </animation>
    <animation id="mixamorig6_Head-anim" name="mixamorig6_Head">
      <source id="mixamorig6_Head-Matrix-animation-input">
        <float_array id="mixamorig6_Head-Matrix-animation-input-array" count="32">

0.000000 0.033333 0.066667 0.100000 0.133333 0.166667 0.200000 0.233333 0.266667 0.300000 0.333333 0.366667 0.400000 0.433333 0.466667 0.500000
0.533333 0.566667 0.600000 0.633333 0.666667 0.700000 0.733333 0.766667 0.800000 0.833333 0.866667 0.900000 0.933333 0.966667 1.000000 1.033333</float_array>
        <technique_common>
          <accessor source="#mixamorig6_Head-Matrix-animation-input-array" count="32">
            <param name="TIME" type="float"/>
          </accessor>
        </technique_common>
      </source>
      <source id="mixamorig6_Head-Matrix-animation-output-transform">
        <float_array id="mixamorig6_Head-Matrix-animation-output-transform-array" count="512">

0.994623 -0.032729 0.098252 0.000000 0.040871 0.995791 -0.082030 3.779800 -0.095154 0.085604 0.991775 1.345900 0.000000 0.000000 0.000000 1.000000
0.994672 -0.031749 0.098080 -0.000000 0.039920 0.995791 -0.082501 3.779800 -0.095048 0.085977 0.991753 1.345900 0.000000 0.000000 0.000000 1.000000
0.994812 -0.027104 0.098053 0.000000 0.035218 0.996011 -0.081989 3.779800 -0.095440 0.085017 0.991798 1.345900 0.000000 0.000000 0.000000 1.000000
0.994849 -0.022864 0.098753 -0.000000 0.030739 0.996402 -0.078976 3.779800 -0.096592 0.081605 0.991973 1.345900 0.000000 0.000000 0.000000 1.000000
0.994680 -0.023044 0.100406 -0.000000 0.030608 0.996754 -0.074458 3.779800 -0.098364 0.077135 0.992157 1.345900 0.000000 0.000000 0.000000 1.000000
0.994496 -0.022400 0.102352 0.000000 0.029532 0.997199 -0.068713 3.779800 -0.100526 0.071357 0.992372 1.345900 0.000000 0.000000 0.000000 1.000000
0.994408 -0.021245 0.103446 0.000000 0.028069 0.997492 -0.064970 3.779800 -0.101806 0.067511 0.992511 1.345900 0.000000 0.000000 0.000000 1.000000
0.994400 -0.023494 0.103040 0.000000 0.030197 0.997494 -0.063989 3.779800 -0.101278 0.066742 0.992617 1.345900 0.000000 0.000000 0.000000 1.000000
0.994571 -0.023466 0.101377 -0.000000 0.030204 0.997398 -0.065455 3.779800 -0.099577 0.068162 0.992692 1.345900 0.000000 0.000000 0.000000 1.000000
0.994778 -0.025019 0.098950 0.000000 0.031606 0.997347 -0.065574 3.779800 -0.097047 0.068359 0.992929 1.345900 0.000000 0.000000 0.000000 1.000000
0.994989 -0.019042 0.098150 -0.000000 0.025978 0.997217 -0.069880 3.779800 -0.096546 0.072079 0.992715 1.345900 0.000000 0.000000 0.000000 1.000000
0.994911 -0.010701 0.100183 -0.000000 0.018270 0.997021 -0.074936 3.779800 -0.099083 0.076385 0.992143 1.345900 0.000000 0.000000 0.000000 1.000000
0.994747 -0.009282 0.101942 -0.000000 0.016984 0.997043 -0.074951 3.779800 -0.100945 0.076289 0.991963 1.345900 0.000000 0.000000 0.000000 1.000000
0.994660 -0.008968 0.102818 0.000000 0.017112 0.996759 -0.078605 3.779800 -0.101779 0.079945 0.991590 1.345900 0.000000 0.000000 0.000000 1.000000
0.994533 -0.007126 0.104182 -0.000000 0.015981 0.996303 -0.084412 3.779800 -0.103196 0.085616 0.990970 1.345900 0.000000 0.000000 0.000000 1.000000
0.994431 -0.005485 0.105249 0.000000 0.014448 0.996312 -0.084585 3.779800 -0.104396 0.085634 0.990842 1.345900 0.000000 0.000000 0.000000 1.000000
0.994368 -0.007081 0.105744 0.000000 0.015744 0.996564 -0.081318 3.779800 -0.104805 0.082525 0.991063 1.345900 0.000000 0.000000 0.000000 1.000000
0.994283 -0.010354 0.106278 0.000000 0.018487 0.996950 -0.075828 3.779800 -0.105169 0.077359 0.991441 1.345900 0.000000 0.000000 0.000000 1.000000
0.994093 -0.013802 0.107653 0.000000 0.021290 0.997408 -0.068726 3.779800 -0.106426 0.070612 0.991810 1.345900 0.000000 0.000000 0.000000 1.000000
0.993850 -0.017403 0.109357 -0.000000 0.024601 0.997593 -0.064825 3.779800 -0.107966 0.067117 0.991886 1.345900 0.000000 0.000000 0.000000 1.000000
0.993780 -0.018994 0.109731 0.000000 0.026051 0.997658 -0.063238 3.779800 -0.108273 0.065703 0.991948 1.345900 0.000000 0.000000 0.000000 1.000000
0.993803 -0.017425 0.109783 0.000000 0.024382 0.997756 -0.062353 3.779800 -0.108450 0.064643 0.991998 1.345900 0.000000 0.000000 0.000000 1.000000
0.993860 -0.013914 0.109766 0.000000 0.021141 0.997664 -0.064956 3.779800 -0.108606 0.066878 0.991833 1.345900 0.000000 0.000000 0.000000 1.000000
0.994009 -0.013080 0.108512 -0.000000 0.020669 0.997395 -0.069106 3.779800 -0.107325 0.070935 0.991690 1.345900 0.000000 0.000000 0.000000 1.000000
0.994199 -0.014320 0.106596 -0.000000 0.021802 0.997354 -0.069355 3.779800 -0.105320 0.071277 0.991881 1.345900 0.000000 0.000000 0.000000 1.000000
