<?xml version="1.0" encoding="utf-8"?>
<COLLADA xmlns="http://www.collada.org/2005/11/COLLADASchema" version="1.4.1">
  <asset>
    <contributor>
      <author>Mixamo</author>
      <authoring_tool>COLLADA Mixamo exporter</authoring_tool>
      <comments/>
    </contributor>
    <created>2024-03-17T00:39:42Z</created>
    <modified>2024-03-17T00:39:42Z</modified>
    <revision/>
    <title/>
    <unit meter="0.010000"/>
    <up_axis>Y_UP</up_axis>
  </asset>
  <library_animations>
    <animation id="mixamorig_Hips-anim" name="mixamorig_Hips">
      <source id="mixamorig_Hips-Matrix-animation-input">
        <float_array id="mixamorig_Hips-Matrix-animation-input-array" count="20">

0.000000 0.033333 0.066667 0.100000 0.133333 0.166667 0.200000 0.233333 0.266667 0.300000 0.333333 0.366667 0.400000 0.433333 0.466667 0.500000
0.533333 0.566667 0.600000 0.633333</float_array>
        <technique_common>
          <accessor source="#mixamorig_Hips-Matrix-animation-input-array" count="20">
            <param name="TIME" type="float"/>
          </accessor>
        </technique_common>
      </source>
      <source id="mixamorig_Hips-Matrix-animation-output-transform">
        <float_array id="mixamorig_Hips-Matrix-animation-output-transform-array" count="320">

0.993054 0.042564 -0.109691 0.162508 -0.057154 0.989399 -0.133503 90.290161 0.102846 0.138845 0.984959 2.669952 0.000000 0.000000 0.000000 1.000000
0.996130 0.012564 -0.086990 -0.088481 -0.024961 0.989419 -0.142921 91.740364 0.084274 0.144540 0.985904 3.305711 0.000000 0.000000 0.000000 1.000000
0.997886 -0.002738 -0.064928 -0.375548 -0.008421 0.985239 -0.170978 93.767784 0.064438 0.171164 0.983133 3.170428 0.000000 0.000000 0.000000 1.000000
0.998708 0.013528 -0.048982 -0.564815 -0.022070 0.983729 -0.178296 94.439537 0.045773 0.179147 0.982757 3.280568 0.000000 0.000000 0.000000 1.000000
0.999834 0.015332 -0.009801 -0.707262 -0.016609 0.988950 -0.147316 94.003548 0.007434 0.147455 0.989041 2.516893 0.000000 0.000000 0.000000 1.000000
0.997874 -0.005968 0.064895 -0.531932 0.013465 0.993192 -0.115710 92.127296 -0.063762 0.116337 0.991161 1.828157 0.000000 0.000000 0.000000 1.000000
0.990302 -0.043657 0.131892 -0.358217 0.058944 0.991694 -0.114318 90.462906 -0.125805 0.120984 0.984650 1.504437 0.000000 0.000000 0.000000 1.000000
0.983335 -0.095849 0.154485 0.233909 0.117949 0.982973 -0.140899 89.157524 -0.138349 0.156772 0.977897 -1.433228 0.000000 0.000000 0.000000 1.000000
0.980387 -0.117056 0.158552 0.333394 0.144512 0.973997 -0.174490 87.931213 -0.134004 0.193980 0.971810 -2.374149 0.000000 0.000000 0.000000 1.000000
0.985327 -0.072525 0.154501 0.504775 0.102772 0.974835 -0.197825 88.453758 -0.136266 0.210800 0.967985 -0.252570 0.000000 0.000000 0.000000 1.000000
0.987730 -0.027286 0.153772 0.977888 0.059290 0.976419 -0.207581 89.415070 -0.144482 0.214151 0.966056 3.158032 0.000000 0.000000 0.000000 1.000000
0.988380 -0.009456 0.151709 1.400478 0.042008 0.976185 -0.212835 91.964417 -0.146084 0.216735 0.965239 4.222759 0.000000 0.000000 0.000000 1.000000
0.990107 -0.014593 0.139556 1.301531 0.044476 0.975931 -0.213495 93.982574 -0.133081 0.217590 0.966925 4.711171 0.000000 0.000000 0.000000 1.000000
0.991658 -0.017014 0.127773 1.311182 0.042388 0.979165 -0.198595 94.945724 -0.121731 0.202354 0.971717 4.093120 0.000000 0.000000 0.000000 1.000000
0.993993 -0.022664 0.107074 1.285202 0.041021 0.984156 -0.172493 94.474045 -0.101468 0.175849 0.979174 3.956867 0.000000 0.000000 0.000000 1.000000
0.997862 -0.030419 0.057853 1.300212 0.039268 0.986568 -0.158562 92.890717 -0.052252 0.160495 0.985653 2.830192 0.000000 0.000000 0.000000 1.000000
0.999515 -0.013567 -0.028027 1.150831 0.008786 0.986400 -0.164129 91.570007 0.029873 0.163803 0.986041 2.726756 0.000000 0.000000 0.000000 1.000000
0.995015 0.017892 -0.098106 0.715585 -0.033494 0.986586 -0.159771 90.905724 0.093932 0.162260 0.982267 2.733674 0.000000 0.000000 0.000000 1.000000
0.991798 0.048102 -0.118420 0.344292 -0.064877 0.987717 -0.142146 90.212433 0.110128 0.148663 0.982737 1.451265 0.000000 0.000000 0.000000 1.000000
0.993054 0.042564 -0.109691 0.162511 -0.057154 0.989399 -0.133503 90.290176 0.102846 0.138845 0.984959 2.669951 0.000000 0.000000 0.000000 1.000000</float_array>
        <technique_common>
          <accessor source="#mixamorig_Hips-Matrix-animation-output-transform-array" count="20" stride="16">
            <param type="float4x4"/>
          </accessor>
        </technique_common>
      </source>
      <source id="mixamorig_Hips-Interpolations">
        <Name_array id="mixamorig_Hips-Interpolations-array" count="20">
 LINEAR LINEAR LINEAR LINEAR LINEAR LINEAR LINEAR LINEAR LINEAR LINEAR LINEAR
LINEAR LINEAR LINEAR LINEAR LINEAR LINEAR LINEAR LINEAR LINEAR</Name_array>
        <technique_common>
          <accessor source="#mixamorig_Hips-Interpolations-array" count="20">
            <param type="name"/>
          </accessor>
        </technique_common>
      </source>
      <sampler id="mixamorig_Hips-Matrix-animation-transform">
        <input semantic="INPUT" source="#mixamorig_Hips-Matrix-animation-input"/>
        <input semantic="OUTPUT" source="#mixamorig_Hips-Matrix-animation-output-transform"/>
        <input semantic="INTERPOLATION" source="#mixamorig_Hips-Interpolations"/>
      </sampler>
      <channel source="#mixamorig_Hips-Matrix-animation-transform" target="mixamorig_Hips/matrix"/>
    </animation>
    <animation id="mixamorig_Spine-anim" name="mixamorig_Spine">
      <source id="mixamorig_Spine-Matrix-animation-input">
        <float_array id="mixamorig_Spine-Matrix-animation-input-array" count="20">

0.000000 0.033333 0.066667 0.100000 0.133333 0.166667 0.200000 0.233333 0.266667 0.300000 0.333333 0.366667 0.400000 0.433333 0.466667 0.500000
0.533333 0.566667 0.600000 0.633333</float_array>
        <technique_common>
          <accessor source="#mixamorig_Spine-Matrix-animation-input-array" count="20">
            <param name="TIME" type="float"/>
          </accessor>
        </technique_common>
      </source>
      <source id="mixamorig_Spine-Matrix-animation-output-transform">
        <float_array id="mixamorig_Spine-Matrix-animation-output-transform-array" count="320">

0.968162 -0.031028 0.248395 0.000000 0.060661 0.991793 -0.112545 10.246800 -0.242865 0.124029 0.962098 -1.182900 0.000000 0.000000 0.000000 1.000000
0.962078 -0.001141 0.272770 0.000000 0.012582 0.999113 -0.040196 10.246800 -0.272482 0.042103 0.961239 -1.182900 0.000000 0.000000 0.000000 1.000000
0.958626 0.001773 0.284663 0.000000 -0.012971 0.999214 0.037458 10.246800 -0.284373 -0.039601 0.957896 -1.182900 0.000000 0.000000 0.000000 1.000000
0.959329 -0.027450 0.280954 -0.000000 0.009325 0.997799 0.065646 10.246800 -0.282138 -0.060356 0.957473 -1.182900 0.000000 0.000000 0.000000 1.000000
0.972035 -0.011905 0.234534 0.000000 0.009566 0.999893 0.011111 10.246800 -0.234642 -0.008556 0.972044 -1.182900 0.000000 0.000000 0.000000 1.000000
0.989392 0.047876 0.137156 0.000000 -0.038568 0.996820 -0.069734 10.246800 -0.140058 0.063705 0.988092 -1.182900 0.000000 0.000000 0.000000 1.000000
0.993502 0.111724 0.021721 0.000000 -0.108121 0.986056 -0.126504 10.246800 -0.035552 0.123334 0.991728 -1.182900 0.000000 0.000000 0.000000 1.000000
0.983435 0.166889 -0.070732 0.000000 -0.175420 0.974551 -0.139563 10.246800 0.045641 0.149659 0.987684 -1.182900 0.000000 0.000000 0.000000 1.000000
0.969757 0.193236 -0.149104 0.000000 -0.207440 0.974431 -0.086327 10.246800 0.128610 0.114646 0.985046 -1.182900 0.000000 0.000000 0.000000 1.000000
0.962289 0.163024 -0.217767 -0.000000 -0.163004 0.986458 0.018182 10.246800 0.217782 0.018001 0.975831 -1.182900 0.000000 0.000000 0.000000 1.000000
0.953716 0.119578 -0.275911 0.000000 -0.090112 0.989017 0.117153 10.246800 0.286890 -0.086868 0.954017 -1.182900 0.000000 0.000000 0.000000 1.000000
0.948856 0.092226 -0.301939 0.000000 -0.042579 0.985026 0.167065 10.246800 0.312826 -0.145664 0.938575 -1.182900 0.000000 0.000000 0.000000 1.000000
0.952117 0.091343 -0.291770 0.000000 -0.041533 0.984122 0.172564 10.246800 0.302900 -0.152183 0.940793 -1.182900 0.000000 0.000000 0.000000 1.000000
0.960236 0.087808 -0.265022 0.000000 -0.050946 0.988425 0.142899 10.246800 0.274502 -0.123715 0.953595 -1.182900 0.000000 0.000000 0.000000 1.000000
0.974693 0.071269 -0.211881 -0.000000 -0.055426 0.995268 0.079805 10.246800 0.216566 -0.066042 0.974032 -1.182900 0.000000 0.000000 0.000000 1.000000
0.992133 0.041785 -0.118006 0.000000 -0.043335 0.999004 -0.010593 10.246800 0.117446 0.015624 0.992956 -1.182900 0.000000 0.000000 0.000000 1.000000
0.999941 -0.000418 0.010837 0.000000 0.001483 0.995139 -0.098468 10.246800 -0.010743 0.098478 0.995081 -1.182900 0.000000 0.000000 0.000000 1.000000
0.991997 -0.032849 0.121913 0.000000 0.050874 0.987704 -0.147823 10.246800 -0.115558 0.152842 0.981471 -1.182900 0.000000 0.000000 0.000000 1.000000
0.978696 -0.049460 0.199267 0.000000 0.080293 0.985457 -0.149756 10.246800 -0.188962 0.162565 0.968435 -1.182900 0.000000 0.000000 0.000000 1.000000
0.968162 -0.031029 0.248395 0.000000 0.060661 0.991793 -0.112545 10.246800 -0.242865 0.124029 0.962099 -1.182900 0.000000 0.000000 0.000000 1.000000</float_array>
        <technique_common>
          <accessor source="#mixamorig_Spine-Matrix-animation-output-transform-array" count="20" stride="16">
            <param type="float4x4"/>
          </accessor>
        </technique_common>
      </source>
      <source id="mixamorig_Spine-Interpolations">
        <Name_array id="mixamorig_Spine-Interpolations-array" count="20">
 LINEAR LINEAR LINEAR LINEAR LINEAR LINEAR LINEAR LINEAR LINEAR LINEAR LINEAR
LINEAR LINEAR LINEAR LINEAR LINEAR LINEAR LINEAR LINEAR LINEAR</Name_array>
        <technique_common>
          <accessor source="#mixamorig_Spine-Interpolations-array" count="20">
            <param type="name"/>
          </accessor>
        </technique_common>
      </source>
      <sampler id="mixamorig_Spine-Matrix-animation-transform">
        <input semantic="INPUT" source="#mixamorig_Spine-Matrix-animation-input"/>
        <input semantic="OUTPUT" source="#mixamorig_Spine-Matrix-animation-output-transform"/>
        <input semantic="INTERPOLATION" source="#mixamorig_Spine-Interpolations"/>
      </sampler>
      <channel source="#mixamorig_Spine-Matrix-animation-transform" target="mixamorig_Spine/matrix"/>
    </animation>
    <animation id="mixamorig_Spine1-anim" name="mixamorig_Spine1">
      <source id="mixamorig_Spine1-Matrix-animation-input">
        <float_array id="mixamorig_Spine1-Matrix-animation-input-array" count="20">

0.000000 0.033333 0.066667 0.100000 0.133333 0.166667 0.200000 0.233333 0.266667 0.300000 0.333333 0.366667 0.400000 0.433333 0.466667 0.500000
0.533333 0.566667 0.600000 0.633333</float_array>
        <technique_common>
          <accessor source="#mixamorig_Spine1-Matrix-animation-input-array" count="20">
            <param name="TIME" type="float"/>
          </accessor>
        </technique_common>
      </source>
      <source id="mixamorig_Spine1-Matrix-animation-output-transform">
        <float_array id="mixamorig_Spine1-Matrix-animation-output-transform-array" count="320">

0.999243 -0.026900 0.028111 0.000000 0.025188 0.997905 0.059584 12.034000 -0.029655 -0.058831 0.997827 0.000000 0.000000 0.000000 0.000000 1.000000
0.999175 -0.024792 0.032179 0.000000 0.023647 0.999090 0.035502 12.034000 -0.033030 -0.034712 0.998851 0.000000 0.000000 0.000000 0.000000 1.000000
0.999249 -0.014019 0.036131 0.000000 0.013681 0.999860 0.009589 12.034000 -0.036260 -0.009088 0.999301 0.000000 0.000000 0.000000 0.000000 1.000000
0.999255 -0.001316 0.038576 -0.000000 0.001358 0.999999 -0.001066 12.034000 -0.038574 0.001118 0.999255 0.000000 0.000000 0.000000 0.000000 1.000000
0.999478 -0.004589 0.031965 -0.000000 0.004477 0.999984 0.003567 12.034000 -0.031981 -0.003422 0.999483 0.000000 0.000000 0.000000 0.000000 1.000000
0.999529 -0.026951 0.014682 -0.000000 0.026639 0.999424 0.021042 12.034000 -0.015241 -0.020641 0.999671 0.000000 0.000000 0.000000 0.000000 1.000000
0.998625 -0.052201 -0.004884 0.000000 0.052378 0.997415 0.049188 12.034000 0.002303 -0.049377 0.998778 0.000000 0.000000 0.000000 0.000000 1.000000
0.997510 -0.067741 -0.019602 0.000000 0.068807 0.995818 0.060105 12.034000 0.015449 -0.061304 0.998000 0.000000 0.000000 0.000000 0.000000 1.000000
0.996741 -0.074564 -0.030777 0.000000 0.075506 0.996674 0.030665 12.034000 0.028388 -0.032889 0.999056 0.000000 0.000000 0.000000 0.000000 1.000000
0.996902 -0.067908 -0.039675 0.000000 0.067550 0.997663 -0.010302 12.034000 0.040282 0.007590 0.999160 0.000000 0.000000 0.000000 0.000000 1.000000
0.997688 -0.050843 -0.045106 0.000000 0.049334 0.998205 -0.033964 12.034000 0.046751 0.031660 0.998405 0.000000 0.000000 0.000000 0.000000 1.000000
0.998006 -0.042705 -0.046477 0.000000 0.040652 0.998193 -0.044256 12.034000 0.048283 0.042278 0.997939 -0.000000 0.000000 0.000000 0.000000 1.000000
0.997777 -0.048963 -0.045208 0.000000 0.046798 0.997762 -0.047751 12.034000 0.047445 0.045529 0.997836 0.000000 0.000000 0.000000 0.000000 1.000000
0.997266 -0.059694 -0.043546 0.000000 0.057826 0.997402 -0.042968 12.034000 0.045998 0.040332 0.998127 0.000000 0.000000 0.000000 0.000000 1.000000
0.997285 -0.062709 -0.038600 0.000000 0.061707 0.997739 -0.026619 12.034000 0.040181 0.024164 0.998900 -0.000000 0.000000 0.000000 0.000000 1.000000
0.998528 -0.048018 -0.025207 0.000000 0.047992 0.998846 -0.001673 12.034000 0.025258 0.000460 0.999681 0.000000 0.000000 0.000000 0.000000 1.000000
0.999602 -0.027510 -0.006270 0.000000 0.027652 0.999334 0.023831 12.034000 0.005611 -0.023994 0.999696 0.000000 0.000000 0.000000 0.000000 1.000000
0.999750 -0.019751 0.010461 0.000000 0.019235 0.998695 0.047317 12.034000 -0.011381 -0.047104 0.998825 0.000000 0.000000 0.000000 0.000000 1.000000
0.999506 -0.022952 0.021469 0.000000 0.021538 0.997721 0.063946 12.034000 -0.022888 -0.063452 0.997722 0.000000 0.000000 0.000000 0.000000 1.000000
0.999243 -0.026900 0.028111 0.000000 0.025188 0.997905 0.059584 12.034000 -0.029655 -0.058831 0.997827 0.000000 0.000000 0.000000 0.000000 1.000000</float_array>
        <technique_common>
          <accessor source="#mixamorig_Spine1-Matrix-animation-output-transform-array" count="20" stride="16">
            <param type="float4x4"/>
          </accessor>
        </technique_common>
      </source>
      <source id="mixamorig_Spine1-Interpolations">
        <Name_array id="mixamorig_Spine1-Interpolations-array" count="20">
 LINEAR LINEAR LINEAR LINEAR LINEAR LINEAR LINEAR LINEAR LINEAR LINEAR LINEAR
LINEAR LINEAR LINEAR LINEAR LINEAR LINEAR LINEAR LINEAR LINEAR</Name_array>
        <technique_common>
          <accessor source="#mixamorig_Spine1-Interpolations-array" count="20">
            <param type="name"/>
          </accessor>
        </technique_common>
      </source>
      <sampler id="mixamorig_Spine1-Matrix-animation-transform">
        <input semantic="INPUT" source="#mixamorig_Spine1-Matrix-animation-input"/>
        <input semantic="OUTPUT" source="#mixamorig_Spine1-Matrix-animation-output-transform"/>
        <input semantic="INTERPOLATION" source="#mixamorig_Spine1-Interpolations"/>
      </sampler>
      <channel source="#mixamorig_Spine1-Matrix-animation-transform" target="mixamorig_Spine1/matrix"/>
    </animation>
    <animation id="mixamorig_Spine2-anim" name="mixamorig_Spine2">
      <source id="mixamorig_Spine2-Matrix-animation-input">
        <float_array id="mixamorig_Spine2-Matrix-animation-input-array" count="20">

0.000000 0.033333 0.066667 0.100000 0.133333 0.166667 0.200000 0.233333 0.266667 0.300000 0.333333 0.366667 0.400000 0.433333 0.466667 0.500000
0.533333 0.566667 0.600000 0.633333</float_array>
        <technique_common>
          <accessor source="#mixamorig_Spine2-Matrix-animation-input-array" count="20">
            <param name="TIME" type="float"/>
          </accessor>
        </technique_common>
      </source>
      <source id="mixamorig_Spine2-Matrix-animation-output-transform">
        <float_array id="mixamorig_Spine2-Matrix-animation-output-transform-array" count="320">

0.999290 -0.024717 0.028432 0.000000 0.023012 0.998004 0.058817 13.753100 -0.029829 -0.058121 0.997864 0.000000 0.000000 0.000000 0.000000 1.000000
0.999221 -0.022566 0.032364 -0.000000 0.021398 0.999123 0.036003 13.753100 -0.033148 -0.035282 0.998828 -0.000000 0.000000 0.000000 0.000000 1.000000
0.999258 -0.012862 0.036301 0.000000 0.012475 0.999863 0.010887 13.753100 -0.036436 -0.010426 0.999282 0.000000 0.000000 0.000000 0.000000 1.000000
0.999260 -0.001407 0.038429 0.000000 0.001455 0.999998 -0.001214 13.753100 -0.038427 0.001269 0.999261 0.000000 0.000000 0.000000 0.000000 1.000000
0.999489 -0.004744 0.031611 -0.000000 0.004665 0.999986 0.002587 13.753100 -0.031623 -0.002438 0.999497 0.000000 0.000000 0.000000 0.000000 1.000000
0.999557 -0.025744 0.014935 -0.000000 0.025405 0.999425 0.022448 13.753100 -0.015504 -0.022059 0.999636 0.000000 0.000000 0.000000 0.000000 1.000000
0.998673 -0.051285 -0.004632 0.000000 0.051454 0.997397 0.050522 13.753100 0.002029 -0.050694 0.998712 -0.000000 0.000000 0.000000 0.000000 1.000000
0.997414 -0.069051 -0.019916 0.000000 0.070113 0.995807 0.058763 13.753100 0.015775 -0.060007 0.998073 0.000000 0.000000 0.000000 0.000000 1.000000
0.996714 -0.075127 -0.030284 -0.000000 0.075860 0.996833 0.023840 13.753100 0.028397 -0.026059 0.999257 0.000000 0.000000 0.000000 0.000000 1.000000
0.997044 -0.066754 -0.038040 0.000000 0.065363 0.997186 -0.036707 13.753100 0.040384 0.034112 0.998602 0.000000 0.000000 0.000000 0.000000 1.000000
0.997841 -0.049308 -0.043392 -0.000000 0.045405 0.995195 -0.086749 13.753100 0.047461 0.084591 0.995285 0.000000 0.000000 0.000000 0.000000 1.000000
0.998209 -0.039083 -0.045296 0.000000 0.033771 0.993064 -0.112623 13.753100 0.049383 0.110891 0.992605 0.000000 0.000000 0.000000 0.000000 1.000000
0.998012 -0.044462 -0.044668 0.000000 0.038854 0.992085 -0.119403 13.753100 0.049624 0.117430 0.991841 0.000000 0.000000 0.000000 0.000000 1.000000
0.997474 -0.056632 -0.042866 -0.000000 0.051754 0.992865 -0.107424 13.753100 0.048644 0.104934 0.993289 -0.000000 0.000000 0.000000 0.000000 1.000000
0.997507 -0.059887 -0.037332 -0.000000 0.057106 0.995800 -0.071563 13.753100 0.041461 0.069253 0.996737 0.000000 0.000000 0.000000 0.000000 1.000000
0.998568 -0.047588 -0.024438 0.000000 0.047081 0.998672 -0.020941 13.753100 0.025402 0.019760 0.999482 -0.000000 0.000000 0.000000 0.000000 1.000000
0.999509 -0.030674 -0.006346 0.000000 0.030810 0.999270 0.022601 13.753100 0.005648 -0.022785 0.999724 0.000000 0.000000 0.000000 0.000000 1.000000
0.999697 -0.022258 0.010505 0.000000 0.021708 0.998523 0.049811 13.753100 -0.011598 -0.049568 0.998703 0.000000 0.000000 0.000000 0.000000 1.000000
0.999507 -0.022542 0.021858 0.000000 0.021111 0.997750 0.063626 13.753100 -0.023243 -0.063133 0.997734 0.000000 0.000000 0.000000 0.000000 1.000000
0.999290 -0.024717 0.028432 -0.000000 0.023012 0.998004 0.058817 13.753100 -0.029829 -0.058121 0.997864 0.000000 0.000000 0.000000 0.000000 1.000000</float_array>
        <technique_common>
          <accessor source="#mixamorig_Spine2-Matrix-animation-output-transform-array" count="20" stride="16">
            <param type="float4x4"/>
          </accessor>
        </technique_common>
      </source>
      <source id="mixamorig_Spine2-Interpolations">
        <Name_array id="mixamorig_Spine2-Interpolations-array" count="20">
 LINEAR LINEAR LINEAR LINEAR LINEAR LINEAR LINEAR LINEAR LINEAR LINEAR LINEAR
LINEAR LINEAR LINEAR LINEAR LINEAR LINEAR LINEAR LINEAR LINEAR</Name_array>
        <technique_common>
          <accessor source="#mixamorig_Spine2-Interpolations-array" count="20">
            <param type="name"/>
          </accessor>
        </technique_common>
      </source>
      <sampler id="mixamorig_Spine2-Matrix-animation-transform">
        <input semantic="INPUT" source="#mixamorig_Spine2-Matrix-animation-input"/>
        <input semantic="OUTPUT" source="#mixamorig_Spine2-Matrix-animation-output-transform"/>
        <input semantic="INTERPOLATION" source="#mixamorig_Spine2-Interpolations"/>
      </sampler>
      <channel source="#mixamorig_Spine2-Matrix-animation-transform" target="mixamorig_Spine2/matrix"/>
    </animation>
    <animation id="mixamorig_Neck-anim" name="mixamorig_Neck">
      <source id="mixamorig_Neck-Matrix-animation-input">
        <float_array id="mixamorig_Neck-Matrix-animation-input-array" count="20">

0.000000 0.033333 0.066667 0.100000 0.133333 0.166667 0.200000 0.233333 0.266667 0.300000 0.333333 0.366667 0.400000 0.433333 0.466667 0.500000
0.533333 0.566667 0.600000 0.633333</float_array>
        <technique_common>
          <accessor source="#mixamorig_Neck-Matrix-animation-input-array" count="20">
            <param name="TIME" type="float"/>
          </accessor>
        </technique_common>
      </source>
      <source id="mixamorig_Neck-Matrix-animation-output-transform">
        <float_array id="mixamorig_Neck-Matrix-animation-output-transform-array" count="320">

0.997638 0.053298 -0.043326 0.000000 -0.060606 0.979888 -0.190122 15.472300 0.032322 0.192299 0.980804 0.000000 0.000000 0.000000 0.000000 1.000000
0.997311 0.049108 -0.054405 0.000000 -0.059659 0.975131 -0.213447 15.472300 0.042570 0.216118 0.975439 -0.000000 0.000000 0.000000 0.000000 1.000000
0.997083 0.045154 -0.061533 0.000000 -0.056840 0.977355 -0.203827 15.472300 0.050936 0.206730 0.977071 0.000000 0.000000 0.000000 0.000000 1.000000
0.996757 0.048899 -0.063912 -0.000000 -0.059479 0.982624 -0.175817 15.472300 0.054204 0.179049 0.982346 0.000000 0.000000 0.000000 0.000000 1.000000
0.995863 0.068002 -0.060279 -0.000000 -0.076714 0.984689 -0.156536 15.472300 0.048712 0.160512 0.985831 -0.000000 0.000000 0.000000 0.000000 1.000000
0.994636 0.089707 -0.051491 0.000000 -0.096792 0.982755 -0.157557 15.472300 0.036469 0.161696 0.986167 0.000000 0.000000 0.000000 0.000000 1.000000
0.994640 0.095922 -0.038607 0.000000 -0.101051 0.980878 -0.166336 15.472300 0.021914 0.169346 0.985313 0.000000 0.000000 0.000000 0.000000 1.000000
0.996559 0.079799 -0.022407 0.000000 -0.082383 0.983347 -0.161991 15.472300 0.009108 0.163279 0.986538 0.000000 0.000000 0.000000 0.000000 1.000000
0.998655 0.051652 -0.004504 -0.000000 -0.051770 0.988584 -0.141494 15.472300 -0.002856 0.141537 0.989929 0.000000 0.000000 0.000000 0.000000 1.000000
0.999509 0.028960 0.011937 0.000000 -0.027316 0.992362 -0.120302 15.472300 -0.015330 0.119916 0.992666 0.000000 0.000000 0.000000 0.000000 1.000000
0.999507 0.020664 0.023652 -0.000000 -0.017941 0.993763 -0.110063 15.472300 -0.025779 0.109584 0.993643 -0.000000 0.000000 0.000000 0.000000 1.000000
0.999336 0.021562 0.029367 0.000000 -0.018317 0.994134 -0.106590 15.472300 -0.031493 0.105981 0.993869 0.000000 0.000000 0.000000 0.000000 1.000000
0.999316 0.021724 0.029918 0.000000 -0.018602 0.994719 -0.100935 15.472300 -0.031953 0.100309 0.994443 0.000000 0.000000 0.000000 0.000000 1.000000
0.999471 0.018756 0.026575 0.000000 -0.016240 0.995637 -0.091889 15.472300 -0.028182 0.091409 0.995415 0.000000 0.000000 0.000000 0.000000 1.000000
0.999633 0.018272 0.019987 0.000000 -0.016533 0.996332 -0.083955 15.472300 -0.021448 0.083594 0.996269 0.000000 0.000000 0.000000 0.000000 1.000000
0.999631 0.025008 0.010565 0.000000 -0.024071 0.996421 -0.081028 15.472300 -0.012553 0.080743 0.996656 0.000000 0.000000 0.000000 0.000000 1.000000
0.999300 0.037395 -0.001129 0.000000 -0.037352 0.995517 -0.086900 15.472300 -0.002126 0.086882 0.996216 -0.000000 0.000000 0.000000 0.000000 1.000000
0.998672 0.049430 -0.014514 0.000000 -0.050699 0.993013 -0.106562 15.472300 0.009145 0.107156 0.994200 -0.000000 0.000000 0.000000 0.000000 1.000000
0.998074 0.054768 -0.029129 0.000000 -0.058423 0.987758 -0.144639 15.472300 0.020851 0.146062 0.989056 0.000000 0.000000 0.000000 0.000000 1.000000
0.997638 0.053298 -0.043326 0.000000 -0.060606 0.979888 -0.190122 15.472300 0.032322 0.192299 0.980804 -0.000000 0.000000 0.000000 0.000000 1.000000</float_array>
        <technique_common>
          <accessor source="#mixamorig_Neck-Matrix-animation-output-transform-array" count="20" stride="16">
            <param type="float4x4"/>
          </accessor>
        </technique_common>
      </source>
      <source id="mixamorig_Neck-Interpolations">
        <Name_array id="mixamorig_Neck-Interpolations-array" count="20">
 LINEAR LINEAR LINEAR LINEAR LINEAR LINEAR LINEAR LINEAR LINEAR LINEAR LINEAR
LINEAR LINEAR LINEAR LINEAR LINEAR LINEAR LINEAR LINEAR LINEAR</Name_array>
        <technique_common>
          <accessor source="#mixamorig_Neck-Interpolations-array" count="20">
            <param type="name"/>
          </accessor>
        </technique_common>
      </source>
      <sampler id="mixamorig_Neck-Matrix-animation-transform">
        <input semantic="INPUT" source="#mixamorig_Neck-Matrix-animation-input"/>
        <input semantic="OUTPUT" source="#mixamorig_Neck-Matrix-animation-output-transform"/>
        <input semantic="INTERPOLATION" source="#mixamorig_Neck-Interpolations"/>
      </sampler>
      <channel source="#mixamorig_Neck-Matrix-animation-transform" target="mixamorig_Neck/matrix"/>
    </animation>
    <animation id="mixamorig_Head-anim" name="mixamorig_Head">
      <source id="mixamorig_Head-Matrix-animation-input">
        <float_array id="mixamorig_Head-Matrix-animation-input-array" count="20">

0.000000 0.033333 0.066667 0.100000 0.133333 0.166667 0.200000 0.233333 0.266667 0.300000 0.333333 0.366667 0.400000 0.433333 0.466667 0.500000
0.533333 0.566667 0.600000 0.633333</float_array>
        <technique_common>
          <accessor source="#mixamorig_Head-Matrix-animation-input-array" count="20">
            <param name="TIME" type="float"/>
          </accessor>
        </technique_common>
      </source>
      <source id="mixamorig_Head-Matrix-animation-output-transform">
        <float_array id="mixamorig_Head-Matrix-animation-output-transform-array" count="320">

0.993232 0.004900 -0.116040 -0.000000 0.034669 0.941052 0.336481 6.121700 0.110848 -0.338227 0.934513 2.117600 0.000000 0.000000 0.000000 1.000000
0.984829 0.005854 -0.173431 0.000000 0.047660 0.951873 0.302764 6.121700 0.166857 -0.306436 0.937153 2.117600 0.000000 0.000000 0.000000 1.000000
0.977517 0.008230 -0.210696 0.000000 0.051257 0.959990 0.275302 6.121700 0.204531 -0.279912 0.937985 2.117600 0.000000 0.000000 0.000000 1.000000
0.974699 0.004843 -0.223471 0.000000 0.057343 0.960889 0.270932 6.121700 0.216043 -0.276892 0.936299 2.117600 0.000000 0.000000 0.000000 1.000000
0.977395 -0.002644 -0.211406 0.000000 0.064650 0.955764 0.286941 6.121700 0.201295 -0.294122 0.934330 2.117600 0.000000 0.000000 0.000000 1.000000
0.983545 -0.010657 -0.180348 0.000000 0.069123 0.944499 0.321160 6.121700 0.166916 -0.328341 0.929694 2.117600 0.000000 0.000000 0.000000 1.000000
0.990516 -0.018776 -0.136111 0.000000 0.067429 0.929555 0.362466 6.121700 0.119717 -0.368206 0.922004 2.117600 0.000000 0.000000 0.000000 1.000000
0.997018 -0.021193 -0.074200 0.000000 0.048622 0.919199 0.390781 6.121700 0.059923 -0.393223 0.917488 2.117600 0.000000 0.000000 0.000000 1.000000
0.999854 -0.014093 0.009654 0.000000 0.009249 0.921757 0.387658 6.121700 -0.014362 -0.387512 0.921753 2.117600 0.000000 0.000000 0.000000 1.000000
0.995111 -0.002489 0.098733 0.000000 -0.032423 0.936046 0.350381 6.121700 -0.093291 -0.351869 0.931389 2.117600 0.000000 0.000000 0.000000 1.000000
0.986898 0.006315 0.161220 0.000000 -0.054803 0.952945 0.298147 6.121700 -0.151751 -0.303076 0.940806 2.117600 0.000000 0.000000 0.000000 1.000000
0.982845 0.011978 0.184042 0.000000 -0.060791 0.963163 0.261959 6.121700 -0.174124 -0.268653 0.947368 2.117600 0.000000 0.000000 0.000000 1.000000
0.983236 0.021030 0.181120 0.000000 -0.068906 0.962521 0.262309 6.121700 -0.168815 -0.270392 0.947834 2.117600 0.000000 0.000000 0.000000 1.000000
0.985799 0.034980 0.164246 0.000000 -0.082288 0.953215 0.290879 6.121700 -0.146387 -0.300263 0.942557 2.117600 0.000000 0.000000 0.000000 1.000000
0.990290 0.045710 0.131290 0.000000 -0.085803 0.944024 0.318522 6.121700 -0.109381 -0.326694 0.938780 2.117600 0.000000 0.000000 0.000000 1.000000
0.995242 0.047105 0.085285 -0.000000 -0.072656 0.942037 0.327547 6.121700 -0.064913 -0.332185 0.940978 2.117600 0.000000 0.000000 0.000000 1.000000
0.998437 0.039398 0.039638 0.000000 -0.050259 0.943151 0.328543 6.121700 -0.024441 -0.330021 0.943657 2.117600 0.000000 0.000000 0.000000 1.000000
0.999691 0.024814 -0.001696 -0.000000 -0.022785 0.941003 0.337629 6.121700 0.009974 -0.337486 0.941278 2.117600 0.000000 0.000000 0.000000 1.000000
0.998552 0.010984 -0.052669 -0.000000 0.008140 0.936828 0.349696 6.121700 0.053183 -0.349618 0.935382 2.117600 0.000000 0.000000 0.000000 1.000000
0.993232 0.004900 -0.116040 -0.000000 0.034669 0.941052 0.336481 6.121700 0.110848 -0.338227 0.934513 2.117600 0.000000 0.000000 0.000000 1.000000</float_array>
        <technique_common>
          <accessor source="#mixamorig_Head-Matrix-animation-output-transform-array" count="20" stride="16">
            <param type="float4x4"/>
          </accessor>
        </technique_common>
      </source>
      <source id="mixamorig_Head-Interpolations">
        <Name_array id="mixamorig_Head-Interpolations-array" count="20">
 LINEAR LINEAR LINEAR LINEAR LINEAR LINEAR LINEAR LINEAR LINEAR LINEAR LINEAR
LINEAR LINEAR LINEAR LINEAR LINEAR LINEAR LINEAR LINEAR LINEAR</Name_array>
        <technique_common>
          <accessor source="#mixamorig_Head-Interpolations-array" count="20">
            <param type="name"/>
          </accessor>
        </technique_common>
      </source>
      <sampler id="mixamorig_Head-Matrix-animation-transform">
        <input semantic="INPUT" source="#mixamorig_Head-Matrix-animation-input"/>
        <input semantic="OUTPUT" source="#mixamorig_Head-Matrix-animation-output-transform"/>
        <input semantic="INTERPOLATION" source="#mixamorig_Head-Interpolations"/>
      </sampler>
      <channel source="#mixamorig_Head-Matrix-animation-transform" target="mixamorig_Head/matrix"/>
    </animation>
    <animation id="mixamorig_LeftShoulder-anim" name="mixamorig_LeftShoulder">
      <source id="mixamorig_LeftShoulder-Matrix-animation-input">
        <float_array id="mixamorig_LeftShoulder-Matrix-animation-input-array" count="20">

0.000000 0.033333 0.066667 0.100000 0.133333 0.166667 0.200000 0.233333 0.266667 0.300000 0.333333 0.366667 0.400000 0.433333 0.466667 0.500000
0.533333 0.566667 0.600000 0.633333</float_array>
        <technique_common>
          <accessor source="#mixamorig_LeftShoulder-Matrix-animation-input-array" count="20">
            <param name="TIME" type="float"/>
          </accessor>
        </technique_common>
      </source>
      <source id="mixamorig_LeftShoulder-Matrix-animation-output-transform">
        <float_array id="mixamorig_LeftShoulder-Matrix-animation-output-transform-array" count="320">

0.107513 0.935691 -0.336039 6.584100 0.047184 -0.342420 -0.938361 13.677400 -0.993083 0.085030 -0.080964 -0.199400 0.000000 0.000000 0.000000 1.000000
0.104927 0.941589 -0.320001 6.584100 0.045110 -0.325953 -0.944309 13.677400 -0.993456 0.084649 -0.076676 -0.199400 0.000000 0.000000 0.000000 1.000000
0.104223 0.944807 -0.310609 6.584100 0.044087 -0.316392 -0.947603 13.677400 -0.993576 0.085068 -0.074629 -0.199400 0.000000 0.000000 0.000000 1.000000
0.112695 0.936529 -0.331984 6.584100 0.047897 -0.338844 -0.939623 13.677400 -0.992475 0.089990 -0.083043 -0.199400 0.000000 0.000000 0.000000 1.000000
0.130744 0.915495 -0.380493 6.584100 0.056091 -0.390003 -0.919104 13.677400 -0.989828 0.098825 -0.102342 -0.199400 0.000000 0.000000 0.000000 1.000000
0.152067 0.895441 -0.418402 6.584100 0.064034 -0.431362 -0.899904 13.677400 -0.986294 0.110053 -0.122935 -0.199400 0.000000 0.000000 0.000000 1.000000
0.164279 0.886519 -0.432547 6.584100 0.067869 -0.447624 -0.891643 13.677400 -0.984076 0.117121 -0.133703 -0.199400 0.000000 0.000000 0.000000 1.000000
0.138523 0.899392 -0.414615 6.584100 0.061599 -0.425665 -0.902782 13.677400 -0.988442 0.099516 -0.114366 -0.199400 0.000000 0.000000 0.000000 1.000000
0.083289 0.924601 -0.371720 6.584100 0.046567 -0.376220 -0.925360 13.677400 -0.995437 0.059763 -0.074391 -0.199400 0.000000 0.000000 0.000000 1.000000
0.033222 0.947712 -0.317392 6.584100 0.031393 -0.318400 -0.947437 13.677400 -0.998955 0.021512 -0.040330 -0.199400 0.000000 0.000000 0.000000 1.000000
-0.001287 0.959939 -0.280206 6.584100 0.020697 -0.280121 -0.959742 13.677400 -0.999785 -0.007035 -0.019507 -0.199400 0.000000 0.000000 0.000000 1.000000
-0.008879 0.960074 -0.279606 6.584100 0.019121 -0.279403 -0.959984 13.677400 -0.999778 -0.013870 -0.015876 -0.199400 0.000000 0.000000 0.000000 1.000000
0.009695 0.955759 -0.293990 6.584100 0.024326 -0.294142 -0.955452 13.677400 -0.999657 0.002112 -0.026101 -0.199400 0.000000 0.000000 0.000000 1.000000
0.038343 0.948662 -0.313960 6.584100 0.032207 -0.315201 -0.948478 13.677400 -0.998745 0.026256 -0.042640 -0.199400 0.000000 0.000000 0.000000 1.000000
0.063864 0.939422 -0.336760 6.584100 0.039203 -0.339550 -0.939771 13.677400 -0.997188 0.046816 -0.058513 -0.199400 0.000000 0.000000 0.000000 1.000000
0.085249 0.931531 -0.353528 6.584100 0.044837 -0.358047 -0.932626 13.677400 -0.995350 0.063654 -0.072290 -0.199400 0.000000 0.000000 0.000000 1.000000
0.111128 0.921704 -0.371634 6.584100 0.051900 -0.378822 -0.924013 13.677400 -0.992450 0.083396 -0.089934 -0.199400 0.000000 0.000000 0.000000 1.000000
0.124553 0.917150 -0.378580 6.584100 0.055159 -0.387362 -0.920276 13.677400 -0.990679 0.093741 -0.098836 -0.199400 0.000000 0.000000 0.000000 1.000000
0.114280 0.927217 -0.356664 6.584100 0.050893 -0.364009 -0.930004 13.677400 -0.992144 0.088129 -0.088787 -0.199400 0.000000 0.000000 0.000000 1.000000
0.107513 0.935692 -0.336039 6.584100 0.047184 -0.342420 -0.938362 13.677400 -0.993083 0.085030 -0.080964 -0.199400 0.000000 0.000000 0.000000 1.000000</float_array>
        <technique_common>
          <accessor source="#mixamorig_LeftShoulder-Matrix-animation-output-transform-array" count="20" stride="16">
            <param type="float4x4"/>
          </accessor>
        </technique_common>
      </source>
      <source id="mixamorig_LeftShoulder-Interpolations">
        <Name_array id="mixamorig_LeftShoulder-Interpolations-array" count="20">
 LINEAR LINEAR LINEAR LINEAR LINEAR LINEAR LINEAR LINEAR LINEAR LINEAR LINEAR
LINEAR LINEAR LINEAR LINEAR LINEAR LINEAR LINEAR LINEAR LINEAR</Name_array>
        <technique_common>
          <accessor source="#mixamorig_LeftShoulder-Interpolations-array" count="20">
            <param type="name"/>
          </accessor>
        </technique_common>
      </source>
      <sampler id="mixamorig_LeftShoulder-Matrix-animation-transform">
        <input semantic="INPUT" source="#mixamorig_LeftShoulder-Matrix-animation-input"/>
        <input semantic="OUTPUT" source="#mixamorig_LeftShoulder-Matrix-animation-output-transform"/>
        <input semantic="INTERPOLATION" source="#mixamorig_LeftShoulder-Interpolations"/>
      </sampler>
      <channel source="#mixamorig_LeftShoulder-Matrix-animation-transform" target="mixamorig_LeftShoulder/matrix"/>
    </animation>
    <animation id="mixamorig_LeftArm-anim" name="mixamorig_LeftArm">
      <source id="mixamorig_LeftArm-Matrix-animation-input">
        <float_array id="mixamorig_LeftArm-Matrix-animation-input-array" count="20">

0.000000 0.033333 0.066667 0.100000 0.133333 0.166667 0.200000 0.233333 0.266667 0.300000 0.333333 0.366667 0.400000 0.433333 0.466667 0.500000
0.533333 0.566667 0.600000 0.633333</float_array>
        <technique_common>
          <accessor source="#mixamorig_LeftArm-Matrix-animation-input-array" count="20">
            <param name="TIME" type="float"/>
          </accessor>
        </technique_common>
      </source>
      <source id="mixamorig_LeftArm-Matrix-animation-output-transform">
        <float_array id="mixamorig_LeftArm-Matrix-animation-output-transform-array" count="320">

0.414555 0.833523 0.365217 0.000000 -0.371539 0.521379 -0.768195 13.782200 -0.830724 0.182767 0.525826 0.000000 0.000000 0.000000 0.000000 1.000000
0.302798 0.870688 0.387577 0.000000 -0.454299 0.489356 -0.744408 13.782200 -0.837810 0.049330 0.543729 0.000000 0.000000 0.000000 0.000000 1.000000
0.304846 0.885365 0.350996 0.000000 -0.493908 0.462070 -0.736577 13.782200 -0.814324 0.051183 0.578149 0.000000 0.000000 0.000000 0.000000 1.000000
0.416962 0.869413 0.265072 -0.000000 -0.497847 0.462451 -0.733681 13.782200 -0.760455 0.173952 0.625659 0.000000 0.000000 0.000000 0.000000 1.000000
0.572546 0.803475 0.163155 0.000000 -0.473167 0.486335 -0.734569 13.782200 -0.669556 0.343375 0.658627 0.000000 0.000000 0.000000 0.000000 1.000000
0.719300 0.686723 0.104972 -0.000000 -0.402804 0.535390 -0.742366 13.782200 -0.566000 0.491701 0.661721 0.000000 0.000000 0.000000 0.000000 1.000000
0.865344 0.491012 0.100440 -0.000000 -0.267405 0.621836 -0.736080 13.782200 -0.423881 0.610104 0.669401 0.000000 0.000000 0.000000 0.000000 1.000000
0.983786 0.160875 0.079268 0.000000 -0.055485 0.693322 -0.718489 13.782200 -0.170545 0.702441 0.691007 0.000000 0.000000 0.000000 0.000000 1.000000
0.972897 -0.230498 -0.018508 0.000000 0.147695 0.680991 -0.717243 13.782200 0.177927 0.695069 0.696578 0.000000 0.000000 0.000000 0.000000 1.000000
0.855569 -0.494438 -0.153404 0.000000 0.253773 0.658845 -0.708182 13.782200 0.451221 0.566969 0.689163 0.000000 0.000000 0.000000 0.000000 1.000000
0.768728 -0.593274 -0.238922 0.000000 0.318044 0.678695 -0.661983 13.782200 0.554892 0.432897 0.710419 0.000000 0.000000 0.000000 0.000000 1.000000
0.764673 -0.604148 -0.224233 0.000000 0.378235 0.702491 -0.602864 13.782200 0.521740 0.376181 0.765686 0.000000 0.000000 0.000000 0.000000 1.000000
0.844088 -0.526890 -0.099514 -0.000000 0.381777 0.720866 -0.578445 13.782200 0.376513 0.450267 0.809628 0.000000 0.000000 0.000000 0.000000 1.000000
0.948001 -0.307142 0.083411 -0.000000 0.290434 0.727682 -0.621391 13.782200 0.130158 0.613305 0.779048 0.000000 0.000000 0.000000 0.000000 1.000000
0.975870 0.000213 0.218354 -0.000000 0.157189 0.693411 -0.703187 13.782200 -0.151559 0.720542 0.676646 0.000000 0.000000 0.000000 0.000000 1.000000
0.929299 0.273695 0.247979 -0.000000 0.014236 0.644389 -0.764565 13.782200 -0.369053 0.714040 0.594935 0.000000 0.000000 0.000000 0.000000 1.000000
0.852785 0.476297 0.214241 0.000000 -0.134177 0.596258 -0.791501 13.782200 -0.504732 0.646233 0.572388 0.000000 0.000000 0.000000 0.000000 1.000000
0.748070 0.628711 0.212398 0.000000 -0.233651 0.549096 -0.802434 13.782200 -0.621126 0.550650 0.557661 0.000000 0.000000 0.000000 0.000000 1.000000
0.592381 0.751856 0.289479 0.000000 -0.286973 0.532654 -0.796195 13.782200 -0.752816 0.388578 0.531296 -0.000000 0.000000 0.000000 0.000000 1.000000
0.414555 0.833523 0.365217 0.000000 -0.371539 0.521378 -0.768195 13.782200 -0.830724 0.182767 0.525826 -0.000000 0.000000 0.000000 0.000000 1.000000</float_array>
        <technique_common>
          <accessor source="#mixamorig_LeftArm-Matrix-animation-output-transform-array" count="20" stride="16">
            <param type="float4x4"/>
          </accessor>
        </technique_common>
      </source>
      <source id="mixamorig_LeftArm-Interpolations">
        <Name_array id="mixamorig_LeftArm-Interpolations-array" count="20">
 LINEAR LINEAR LINEAR LINEAR LINEAR LINEAR LINEAR LINEAR LINEAR LINEAR LINEAR
LINEAR LINEAR LINEAR LINEAR LINEAR LINEAR LINEAR LINEAR LINEAR</Name_array>
        <technique_common>
          <accessor source="#mixamorig_LeftArm-Interpolations-array" count="20">
            <param type="name"/>
          </accessor>
        </technique_common>
      </source>
      <sampler id="mixamorig_LeftArm-Matrix-animation-transform">
